0.988803195997725,0.0427011615179551,0.0124104731027589,-0.00702933992810284,-0.0857924380294705,-0.000187385782640151,-0.0271272540897779,-0.0128707611175829,-0.0248337997176148,0.0078363922756538,-0.011043392516919,-0.0222279027881079,-0.0112272516915759,0.0163211792029886,-0.0696335973820886,-0.00228136828262294,0.0679708705995915,-0.0370559309410968,0.0478030911532982,-0.0103453525464919,0.0593454064707338,0.024909126361285,-0.0383216349856272,0.0461719788891594,0.0485243763504187,-0.000228293689088351,0.0464782952338134,0.0123436265719553,-0.00379140331828202,0.00147557551308811,0.00335648056245399,-0.0552904557254488,0.00999530992933498,0.00153767658675087,-0.0355834279856482,0.0249901512501676,0.0105398094675764,-0.000303983277874626,0.00384400518028846,0.0164254389536342,0.0626025959439111,-0.065574675543153,-0.00133611095814029,0.0346580257073849,-0.0418472279327619,0.0029985696721134,0.00619975448560228,-0.033767467918669,-0.0466916942342796,0.00414822487668814,0.00263106658538101,-0.0411429934750215,-0.00126050136019472,-0.119956134927331,-0.0442290013461539,-0.026401683956076,0.0267242830334659,-0.0134814643056617,-0.0259104881239712,-0.0158193378154984,0.0290534824608282,-0.0445813040637858,0.00208864503491172,-0.0634519062393624
0.0427011615179551,1.01944893470357,0.00296732128401239,-0.00881357833720284,-0.00974698879600794,-0.0467191518081396,-0.0163117652009812,-0.00678374850709456,0.00168385740826441,0.00381802561243516,0.0902883232078829,0.00856695024383294,0.0316044887492073,-0.0542945757694322,-0.0084527567464136,-0.0521934230766396,-0.0344064144736768,-0.0130251578812556,0.0313183421969623,0.0216989894287708,0.0181689705663738,-0.019448647089023,-0.00504234728223428,0.0400654183478304,0.00625567096458437,0.0231855080740935,-0.00694886227176638,-0.0441092932673655,-0.0192908138553062,0.000572184859599503,0.0749609279291206,-0.00269339525236748,-0.0254817426705171,0.022956938545106,-0.0216755937715118,-0.0070330672032931,0.0130799409893358,0.0163876191152801,-0.00535255675018672,0.0394945953111019,0.00912836605271195,0.011882255772014,0.0188755861178098,-0.0231961787913444,0.029457161257075,-0.00298639085689217,0.00976012778355742,-0.00823029613802359,-0.00695277722273103,0.031951571162457,-0.00729519577857002,0.00322141917604482,-0.0133384487213572,-0.00152599721122697,0.019103923089084,-0.00951459532622318,-0.0111156460195332,-0.0377470468549773,0.00968014357634907,-0.0451986848264254,-0.0644053643796782,-0.000521061562703162,0.0148191156500585,-0.0348492503051393
0.0124104731027589,0.00296732128401239,0.986506099776136,-0.0248358133480783,0.019838168644228,0.00199754580771796,-0.00982912484823226,0.0306124912971224,0.0495627938618078,0.0153982437571513,-0.0369248794191084,0.0234361092535215,0.0104888278871756,-0.00831469784602786,0.0177826969744615,-0.014814621289631,-0.00377513440928022,-0.0260221892714867,-0.00608829414683865,-0.0106705396358206,-0.0671608864173468,0.0594790596843881,0.0395814395767752,0.0109276365627718,0.0721210766802255,-0.0783746720114708,0.0259083937879468,0.0168684363859925,0.0224009518698202,-0.0463676428524302,0.00131902872254781,-0.0241712065862276,0.0155725508948194,-0.0294483560094335,-0.0050507498511596,-0.0546061326018418,-0.0164389006866036,0.0269650757910153,0.0319328091474544,-0.015027810608656,-0.00332022091015502,0.0082437332249083,0.00436117371397436,-0.00674937813629798,-0.0506082604092307,-0.0223783652399966,-0.0173637904817465,-0.0185454106934013,-0.0181745457723744,0.009014427318095,0.0132503766544848,0.0112745275656441,-0.0530780105535253,-0.0456706759634847,-0.00895707860903956,0.0146255605313158,0.0411729295858267,-0.00736621197661984,0.00876055043950962,-0.0266891304364618,-0.0300630642273506,0.00627272663191506,-0.0469649388020346,-0.0646994483744848
-0.00702933992810284,-0.00881357833720284,-0.0248358133480783,1.02713347335478,-0.0395011047592757,0.00616404079243225,0.0348537199559991,0.0016673329263076,0.00645778218168459,0.0134651303895434,-0.0261976721083002,0.0493219716143676,0.0335895198934298,-0.00765201980183267,-0.00212207084628456,0.0648882077027668,0.0516556617693508,0.0146219279270649,-0.0462040031178794,0.00196952381578801,0.0161766990141447,-0.0237025346597165,0.0283752457385976,-0.00938020545965378,-0.00575390789020984,-0.0415610290881761,0.00834099719398593,-0.010371160422723,0.0310530271074046,-0.0192488808484421,-0.043672789877933,0.0124355660545665,-0.017149265857295,0.00146957596936321,-0.0101957501705431,0.0080538832283067,0.0193002961235911,0.0314119178285792,0.0118933436736951,-0.0182583397149451,-0.0425746038581609,-0.0065231038823786,0.0492505639799234,0.0124884541220933,0.0799651365131498,-0.049395152734288,0.0319154225137351,0.102422098898544,-0.0239366263908351,-0.0141058485305502,0.0270737756417512,-0.0399169388548834,-0.0484244142865519,0.0370680048567424,-0.0448830350890976,0.0107065833795659,-0.00950547705053035,0.0384928687019625,0.0247631355020029,0.0354729659887449,-0.0531720282206753,-0.0365498928661545,0.0139310216851233,-0.0272295428430647
-0.0857924380294705,-0.00974698879600793,0.019838168644228,-0.0395011047592757,0.934835254164858,-0.0374699707487931,-0.0313238588827648,-0.0041287630635221,-0.0938102192205333,0.016206464801418,-0.0309707336833932,-0.00227185128596531,0.0654946857004164,-0.028475926332379,-0.0129724749479621,-0.0448113862057781,0.0144562614941794,-0.030658444373419,0.0275996215066843,0.0554676679978815,-0.0158886912306799,0.0202775853618369,0.0571384618785996,0.0154901503644501,0.0365666028383195,-0.0195230615812299,0.040572641736018,0.00808748007017589,0.0350489555275011,-0.00918449322561858,-0.0130967724623136,-0.0284469499480011,0.0203049510696658,-0.0330118628723753,-0.0320384231488676,-0.0182770105998638,0.0155791997699395,0.0235189109950229,0.0127896074942513,-0.0097924729888284,-0.00632941551182474,0.0123858725978856,0.067820151065964,-0.0716246868105621,0.0496306519381841,-0.0101943499973864,-0.0622991075843134,-0.00880707136870442,0.0289104065949364,0.0237494845903763,-0.00957864234394174,-0.0318009560780099,-0.0059410072225982,0.0212491603109509,0.0502750565233877,0.0225234883034171,0.0343155630525968,0.012864247311556,-0.0412957222717076,-0.0216758903279665,-0.0443966431401142,0.0196589995195309,-0.0514652930271582,0.0163390381549123
-0.000187385782640151,-0.0467191518081396,0.00199754580771796,0.00616404079243225,-0.0374699707487931,1.02912749819466,0.0246567950726203,0.0254643381266039,0.00601495515628056,0.0152500969482377,0.0253315111399206,-0.0501345107745929,-0.0192324497608267,-0.0222878305472665,-0.0236304601486292,-0.00816749782655066,-0.0399405268837711,-0.0293042939664232,-0.00969021231813405,-0.0476307941611607,0.00085651178790302,0.0173589525054132,-0.00411033015961385,-0.00485231047691079,-0.00369401012853641,0.0535221502746442,0.0164622483633747,-0.014313359317492,0.0347918388729567,-0.0606608258744747,-0.0117165923107529,-0.047595545712352,-0.00476233799371882,-0.00330856224787581,-0.00845411386804409,0.00311157484093258,-0.0432973638421529,0.0372584644716417,0.00260644069588338,0.0109814221950076,0.0241335227210596,-0.0180209031323492,0.0132734460899721,-0.0374035696785567,0.0415482510561742,0.0228586584706903,0.00431922705016442,-0.0387372007880908,0.0485302579688136,-0.0141643186223742,-0.00284782064389036,0.0467158537198991,0.0253303885283875,-0.0109645245165206,0.0158359421272491,0.0359525383960999,-0.00503232756242838,-0.0204575952970221,0.0286971008513489,0.0123112958939219,0.0289762903809388,0.0155356678448938,0.0225820264318802,0.0535037804206176
-0.0271272540897779,-0.0163117652009812,-0.00982912484823226,0.0348537199559991,-0.0313238588827648,0.0246567950726203,1.04909151645002,-0.0191635082819154,-0.0215067910977788,0.0545742644863817,-0.0135311194502648,0.05834699067828,0.0526695605083599,0.0388085117277564,-0.0399187383463945,0.00783460844297464,-0.00257078687774932,0.0348782291499819,-0.0110719382019323,0.0109457599126182,0.0482718576169113,-0.0014523833005958,-0.00813084927478984,-0.0183061264340358,0.0172117389046898,0.0316358109291418,0.0487320998682273,-0.00746341792730554,-0.0664258713505772,-0.0714604004045387,0.0300794031414883,-0.0133359701956358,0.0335011367465573,-0.0360639658399098,0.061233474578718,0.0383080212294897,-0.0198884421595122,-0.041874193050075,-0.0207903098999554,-0.035977963036561,0.0345547470108652,0.0215907791321566,0.0192964441921188,0.00889056439826446,0.0138149152290794,0.00879368755496838,0.000506502677986378,0.0161841640578798,-0.0561384401678547,-0.0104029880512908,-0.00253920235802279,-0.0130823425961924,-0.00461087943967068,-0.0100814793902256,-0.0206221036648639,0.0308456372222728,-0.00903409138330772,0.00840856634088687,-0.035204826406794,0.0400706361349781,0.000135837874472525,-0.0226879931409722,0.0204829944603931,0.00424856963791824
-0.0128707611175829,-0.00678374850709456,0.0306124912971224,0.0016673329263076,-0.0041287630635221,0.0254643381266039,-0.0191635082819154,1.05622033776098,-0.0279638171408268,0.000600923380796525,-0.030669533998013,0.0104748580116174,0.0204276740419718,0.037649018881698,-0.00892133257708919,0.0140192088154276,0.00871790803034467,-0.00633610863492331,-0.0207498573502301,0.0602380059163062,-0.0412611300707533,-0.0322365744707323,-0.0107444788382171,-0.0174425381285508,-0.010873551984326,0.0194921062156966,0.0197655897883589,-0.0452022997497285,0.0153193710719323,0.00254497731582898,0.00251868469922799,-0.0297762890987957,0.0134172181085647,0.00470595187533321,0.0032063581317678,-0.049962350774652,0.0399009435336799,0.0376028780072113,-0.0527544414131146,-0.0218083310984755,-0.00336628961976194,-0.0119527705801818,-0.0231628082343385,0.030894217936309,-0.0344966458185369,-0.0767732442989845,0.042931741339395,0.00425801649476056,-0.0349415412420437,0.0228637579845239,0.0163832646047428,-0.0230001722022547,-0.00117274382057215,0.0206892639317022,0.0535385609749344,-0.0622270670698694,0.00828121104707534,-0.054190001179481,-0.0122708060930867,-0.0194081178921196,-0.00293235160009068,0.0411954037001536,0.0189081828606467,0.00686563144658109
-0.0248337997176148,0.00168385740826441,0.0495627938618078,0.00645778218168459,-0.0938102192205333,0.00601495515628056,-0.0215067910977789,-0.0279638171408268,0.962116960534897,-0.036445471222451,0.0331260846780332,0.0325016012302406,-0.0530917646134242,0.0154254856132185,-0.0272950291189363,0.000902342371939869,0.025904367718201,0.0376984759725128,0.043572914594855,0.00396858366189085,-0.0442381767552199,-0.0478426240653978,0.00663297311755464,-0.0193560843289967,0.0033473432237214,0.0477011969087845,-0.0438747609853577,-0.0216230963774324,-0.0136703949577301,0.00717650987183491,0.0152245004543904,0.0112382840905114,0.0237354185507973,0.0310911807896432,-0.0343817517524925,-0.00702196115037113,-0.0184390325907491,0.0460129005157358,0.0144847304737048,-0.00206160645046204,-0.0722616269191241,-0.0263623582746131,0.0153092267062019,0.0262310517892655,-0.00772428655934488,-0.00525245043342017,-0.0440312282348863,0.00993144042885827,-0.0262219033275844,-0.0423430951841956,-0.029584541504517,-0.0368667921903198,0.00382822500700478,0.00640239290992927,-0.0309379226146901,-0.0152521023848166,-0.0073521856542378,0.0167897384102595,0.00855821283257104,-0.00214773910872322,-0.00918226435338404,0.0135337911226298,-0.0751704946723495,-0.0471121763660427
0.0078363922756538,0.00381802561243516,0.0153982437571513,0.0134651303895434,0.016206464801418,0.0152500969482377,0.0545742644863817,0.000600923380796525,-0.036445471222451,1.0091813053964,0.0260839015249384,-0.00519602120990146,0.0295439475002925,0.00577352680826195,0.0101196494471425,-0.0144723943452499,-0.04616052110043,0.0382071899678148,0.00291677395822246,0.0197447818610811,0.045141166695259,-0.0278704092173183,-0.0552055056922961,0.019321712024152,-0.0169900731851118,0.033698531989469,-0.0303282919524167,-0.0386296175506367,-0.0132421991070714,-0.00424387310546516,-0.0107181468578488,0.0445153320596653,-0.04625302885529,0.0069125598763152,-0.0169745634130978,0.0630446256603321,0.0553575869250947,-0.0486857058925163,-0.00106736811409465,0.0283385938063587,0.0135029753891336,-0.00424701379226448,0.0172653156376765,-0.0144679971870228,-0.0484577296398731,0.0041523633300198,-0.0141088618702089,-0.00689846982171493,0.00452081871587158,0.0201530403723611,-0.00405319586174131,-0.0289080166630479,-0.00651925654420701,0.0396858843619094,-0.00772204622379609,-0.0716919334547059,-0.0225696981103779,0.00146919219164916,-0.00365073210446905,-0.0030536697883393,0.0352417078697712,-0.0267598476147604,0.0332188600868738,-0.0599835269674268
-0.011043392516919,0.0902883232078829,-0.0369248794191084,-0.0261976721083002,-0.0309707336833932,0.0253315111399206,-0.0135311194502648,-0.030669533998013,0.0331260846780332,0.0260839015249384,1.09709313055309,-0.00532021099013115,-0.00968440248791183,0.0141984796458091,-0.0385417968310071,-0.0341991728644736,0.0400382312163447,-0.034285374243009,-0.0303275809167622,-0.0154822507634328,-0.0691121486263847,-0.0302650233045994,0.0151203993027048,0.0450999722175817,0.0549192358240685,-0.0206089863710978,-0.0323190949295305,-0.0321075951461408,-0.0156899014156953,0.0532295278032775,-0.0238810796202673,0.00545783842463934,-0.0190803357698137,0.000223844942839386,0.0107424258524541,0.0112433761256228,0.0366667049971044,0.0322408611678951,-0.048161806802769,0.00505467934896025,0.0240416951904069,0.0374558179427519,0.0214238797338086,0.0249413246537555,0.0244219357747724,-0.0468401740838992,0.0466429033037527,0.0284776351981821,0.0135759354034811,0.0436671697559742,0.0324843877421558,0.0457507367563748,-0.00827700242720921,0.0193335038069777,0.00317472484027669,0.00248454436876468,-0.00811677119200364,-0.00320820501750966,-0.0166018778137308,0.0614049488169301,-0.0311168177004561,-0.00356062230395124,-0.0131506186222986,0.0015017479159803
-0.0222279027881079,0.00856695024383294,0.0234361092535215,0.0493219716143676,-0.00227185128596531,-0.0501345107745929,0.05834699067828,0.0104748580116174,0.0325016012302406,-0.00519602120990146,-0.00532021099013115,1.07275673857882,-0.00442027322694926,0.0164149203067283,0.0232446125655718,0.0235382593573174,0.0160756133634544,-0.0548535362653128,0.0137214511663938,-0.0183483224233171,0.0104589297599346,0.00239501142100332,-0.0558316364454151,0.0383227005075272,-0.017381628625463,0.0437520871909118,0.0432813376097983,-0.033639532458978,-0.0152196498375932,0.0125296697678267,-0.00962353725164139,0.0108215380074206,0.00135041639588146,-0.0322331620193279,0.00391491208814496,0.0226060031598486,0.0119452735679684,-0.0395041253129272,-0.0115914567543411,-0.00981673577381167,-0.00866271141765725,-0.00400892708972075,-0.0354710569840609,-0.0719277664806774,0.0334425792702836,0.0654263867758313,0.0487659369839154,0.026123258191131,-0.0254750737723117,0.0430395934350252,0.00666129317103172,0.0239279699832256,-0.0155978852918557,-0.0496752021734872,-0.00822027966129408,-0.0391189553897065,0.0361849552729901,-0.0144239126216304,0.0131761616245456,0.0235191520365141,-0.00184220043937711,0.0042077434954854,-0.00850922298925326,-0.0140597796522471
-0.0112272516915759,0.0316044887492073,0.0104888278871756,0.0335895198934298,0.0654946857004164,-0.0192324497608267,0.0526695605083599,0.0204276740419718,-0.0530917646134242,0.0295439475002925,-0.00968440248791183,-0.00442027322694926,1.06610616718739,-0.0069538588082767,-0.0548398516154264,0.00778261527484455,-0.00849205856429763,0.0434461229770743,0.0218376705282926,-0.0398163557259415,-0.0437404556403948,-0.0491656578088767,-0.0805106788867403,-0.0101102799350708,-0.0271164428702205,0.0208197657354847,0.00293234615676449,0.0137432589473825,-0.0465990980790309,0.0239725915696217,0.0310662414712872,-0.0252930074268427,-0.0399404750773596,0.0271930358920045,-0.0155485802503349,-0.0135195551554968,0.00827407067647912,-0.0295492926177493,-0.0262753951389115,0.0144920604384535,-0.00868266232673261,-0.0333720259659438,0.015727400976248,0.0490246586611039,0.0272117105217008,0.0214122315060489,0.0206016106978098,0.00606072995628813,0.0273708736274791,-0.0648415586166695,-0.016207520202382,-0.0683578845580967,0.002622008618394,-0.00719982444331436,-0.0166624219181014,0.0539641516180596,-0.0169482157584713,0.0201798599406669,0.0242164561965891,-0.0243049992963051,-0.0352041851649861,-0.0381157742165457,-0.0255749039038677,0.0391888789488033
0.0163211792029886,-0.0542945757694322,-0.00831469784602785,-0.00765201980183267,-0.028475926332379,-0.0222878305472665,0.0388085117277564,0.037649018881698,0.0154254856132185,0.00577352680826195,0.0141984796458091,0.0164149203067283,-0.0069538588082767,1.04826719557152,0.0414471576260271,0.0515535483842751,-0.0186299363608123,-0.0135644546812797,-0.000509713526614379,0.0180003724040083,0.0935279377086224,-0.0639789697855946,-0.0365782022643776,0.050580446753322,0.0156447956683487,-0.0129908702060417,-0.0114596145406686,0.0305319163882285,0.0215881468108231,-0.0317062167846163,0.0379144808008449,-0.0469361642369793,-0.0486869403248024,-0.0132467529286212,-0.056398200383408,-0.00923491781786895,-0.0284276072989405,0.0190982013775616,-0.0221578867188681,-0.0152662402549233,-0.00370324023992875,-0.0433561794540153,-0.01194860980314,0.0290687869805174,-0.0116197425438555,-0.0515242193817909,-0.0190639500841941,0.00648842930174868,0.0171893670365904,-0.0123883516084428,0.0323711372419805,0.0171551836374599,-0.0252933115648808,0.0200211584663573,-0.0399132398797905,0.0431529620463595,-0.0472039132299315,-0.00310318181299103,-0.0200963893524958,-0.017728714543275,-0.061058358991812,-0.0524514058202152,-0.0277840244083749,-0.00510023807304029
-0.0696335973820886,-0.0084527567464136,0.0177826969744615,-0.00212207084628456,-0.0129724749479621,-0.0236304601486292,-0.0399187383463945,-0.00892133257708919,-0.0272950291189363,0.0101196494471425,-0.0385417968310071,0.0232446125655718,-0.0548398516154264,0.0414471576260271,0.946117617609592,-0.0115407052016623,0.0546409492625848,0.0322575166375996,-0.00382757844826277,-0.0400434513532908,0.0344798500875547,-0.00077973306607071,0.0118830461374021,0.0223139011259914,0.0103486563034087,-0.0727116201062002,-0.0261901729924304,-0.0118483549512831,-0.0769862805669722,-0.019828541376909,0.0289766653289146,0.0623837335258957,0.0481649762617308,0.0467327546404051,0.00325216106395226,-0.0237833006235399,-0.0339091186286166,-0.052498056266488,0.00374700400212507,-0.0030567241164929,0.016876445459124,-0.00617570834326994,-0.0578252753480209,-0.00700906114634316,-0.0213107218645172,0.0146542017334325,0.00481983611395722,0.0287548372663508,-0.00972203787921592,0.0317063333401722,0.00605557583702042,0.0232977730692004,0.0128203032040149,-0.0477039909279291,-0.000798286967711098,-0.00635570037047188,-0.0323336497860061,-0.005420521872369,-0.0029507901154379,-0.0211992073299352,-0.00826890565340215,-0.0217175443282134,0.0456827323970805,-0.0529538601990249
-0.00228136828262294,-0.0521934230766396,-0.014814621289631,0.0648882077027668,-0.0448113862057781,-0.00816749782655066,0.00783460844297464,0.0140192088154276,0.000902342371939869,-0.0144723943452499,-0.0341991728644736,0.0235382593573174,0.00778261527484455,0.0515535483842751,-0.0115407052016623,1.0250192517632,-0.0118822225730884,-0.043586342625237,-0.0275771892391435,0.0310482379695682,-0.0399742644997679,0.0271500404614834,-0.0181585982413695,-0.00143051680825433,-0.000255971029246094,-0.0268790959581415,-0.0427273471357423,0.0530162875993178,-0.000722020656950453,-0.0135373637147771,-0.0090805570860865,0.00752510567868745,-0.0812164065321871,0.00826166077482774,0.00768368303248358,-0.00807738748133568,-0.0262695032155536,0.0942097239652049,0.0618924690162527,0.0612916322502821,0.046722934659547,0.0140268970548716,0.00183127716282837,0.0116716961131537,-0.0285251313340089,0.00112428988128855,0.0276393016418808,-0.0119667759176991,0.0878122996680268,0.0386661932115638,0.00704487457921621,-0.00461157599914367,-0.0082887628383332,0.00248553736545211,0.0531726108431049,-0.0457245898013486,0.0485793587759649,-0.0294720429351351,0.00850216605883438,0.00471253703067498,0.0277568505054846,0.0108519250109726,0.121093235105032,-0.0312171665276853
0.0679708705995915,-0.0344064144736768,-0.00377513440928022,0.0516556617693508,0.0144562614941794,-0.0399405268837711,-0.00257078687774932,0.00871790803034467,0.025904367718201,-0.04616052110043,0.0400382312163447,0.0160756133634544,-0.00849205856429763,-0.0186299363608123,0.0546409492625848,-0.0118822225730884,0.957345339618565,0.0338288115824271,-0.0385049921695326,0.0187242090985363,-0.0439816201826161,0.0164286425348209,0.00683481392988665,-0.0570714507203774,0.0495404869370791,0.00176108732953132,0.0145467637804274,-0.0125101745508422,-0.0482696544324572,-0.0201070931568753,-0.0350618927595335,0.0472481188028269,-0.0239628630637833,-9.34254616880197e-05,-0.0238189271806648,-0.0132742217828542,-0.0149991502007088,-0.0430879786450013,-0.00686176514448914,0.0583481719137049,-0.0341296765270541,0.0314795884888267,0.00305713220667146,-0.0266228822455867,-0.020711719012723,-0.0128741330713982,0.0144257917486404,-0.0305571739012912,-0.0199241204294871,0.0143695383921556,-0.00229956576025788,0.0195794323626956,0.0370900286310126,-0.00650805977660574,-0.0339237847870712,0.0100319096659256,0.0190062331166685,-0.0067743760061282,0.0525355920357928,-0.0124874163073033,0.0149974577069259,-0.00941947043147274,-0.0341346786445128,0.0427374512693889
-0.0370559309410968,-0.0130251578812556,-0.0260221892714867,0.0146219279270649,-0.030658444373419,-0.0293042939664232,0.0348782291499819,-0.00633610863492331,0.0376984759725128,0.0382071899678148,-0.034285374243009,-0.0548535362653128,0.0434461229770743,-0.0135644546812797,0.0322575166375996,-0.043586342625237,0.0338288115824271,0.998184778638349,-0.0147172385601955,0.0364134367360101,0.0341332111653717,0.018294576574224,0.0251648829548098,0.0358742186235516,0.0231796808147256,-0.00499084041039302,0.0132611488006736,-0.065010485617101,0.0136406376242364,0.0226539902759787,0.0160349909577877,-0.0816376832865922,0.0216227278914988,0.0490314768209632,0.0269544093923577,0.0237258293338232,0.0430307775881805,0.0190055113130525,0.040487803074872,0.0382044850400154,0.0515558680223552,-0.018142616569865,-0.0292937070993781,-0.00397314044333154,0.0246365550652911,0.0187832108666319,-0.0200104692020891,-0.0363742938359084,-0.00618604539755805,0.00966293040999489,-0.0408468011579943,-0.0137825226256481,0.00828582745708682,0.0129011741561783,0.0202260455810517,0.00304587273430723,-0.0250440977266289,-0.015412379867757,0.00841620145375742,-0.0358601640037785,0.032944290008602,-0.0265219251249281,0.0202068084127306,-0.0108686292356074
0.0478030911532982,0.0313183421969623,-0.00608829414683865,-0.0462040031178794,0.0275996215066843,-0.00969021231813405,-0.0110719382019323,-0.0207498573502301,0.043572914594855,0.00291677395822246,-0.0303275809167622,0.0137214511663938,0.0218376705282926,-0.000509713526614379,-0.00382757844826277,-0.0275771892391435,-0.0385049921695326,-0.0147172385601955,0.918155444601485,0.00853121643447939,-0.0353054657693039,-0.005929874910405,-0.0367214310884575,-0.00543359043930201,-0.053338911859415,-0.0272266815233915,0.00395061626801288,-0.0332072152807665,-0.0225141242796934,-0.0763440036614538,-0.00970239950507707,0.0124532162101796,0.00890697348843979,-0.000283334239704372,0.00413705151944718,0.0491346578266942,-0.017124634114557,0.0215669171746037,0.030304200758812,-0.0381671917122497,-0.046709619366838,-0.0137059560441601,-0.0256631579857101,0.00190894694035265,0.0100067596777638,-0.028892994164421,0.00548087120945013,-0.0127750331279404,0.0106989756416934,-0.0288737318515746,0.0158586949460075,0.0202634774037268,-0.0060363858839535,0.0041984237090598,0.0205304458676621,0.0345243721803702,-0.00144998762689935,-0.0731275367097242,-0.0199671393340935,0.0224646343116806,0.0451225009808199,0.00380052626556035,0.00443351703235986,0.0577214250679966
-0.0103453525464919,0.0216989894287708,-0.0106705396358206,0.00196952381578801,0.0554676679978815,-0.0476307941611607,0.0109457599126182,0.0602380059163062,0.00396858366189085,0.0197447818610811,-0.0154822507634328,-0.0183483224233171,-0.0398163557259415,0.0180003724040083,-0.0400434513532908,0.0310482379695682,0.0187242090985363,0.0364134367360101,0.00853121643447939,1.06313608290045,0.0510867549878727,0.0807849783229296,-0.0458393104488385,-0.0126259416189871,0.0306602689301141,0.0328462530959321,-0.003617833596324,-0.0141950751414325,-0.022881167290741,0.011711143086987,-0.00651093900851037,0.0445620921213124,0.0231877620259562,0.0380146555306098,0.0154478304829808,-0.0535541021038997,-0.000204742520017697,0.0220693764446935,0.000911072468780501,-0.0240692758384236,0.0080209530687043,0.0238494005573211,0.0134674514728957,0.0172702135643168,0.055916594223396,0.013333633453624,0.0375991875360557,0.0264496301191223,0.017155397389242,0.024125263904598,0.00469117757804787,0.032111023728788,0.0615985801221778,-0.0697711894999822,-0.0363676577335453,0.0255340658779605,-0.0237785542820893,0.0162698362955143,0.0208592972034529,0.0118722974187275,-0.0181784039905431,-0.00730624297768059,-0.002029923000784,-0.0213126882458862
0.0593454064707338,0.0181689705663738,-0.0671608864173468,0.0161766990141447,-0.0158886912306799,0.00085651178790302,0.0482718576169113,-0.0412611300707533,-0.0442381767552199,0.045141166695259,-0.0691121486263847,0.0104589297599346,-0.0437404556403948,0.0935279377086224,0.0344798500875547,-0.0399742644997679,-0.0439816201826161,0.0341332111653717,-0.0353054657693038,0.0510867549878727,1.00851688923428,-0.0140594926344621,0.0510527725732878,0.0228699310963284,-0.052350132665901,0.0312774321708091,-0.0379291285157242,-0.0507809077056114,-0.002844143535479,0.0133775352255713,-0.00712625625621913,-0.0145235752774158,-0.0379051146920337,-0.0270186005406652,0.00813784640432873,0.0124449591991574,0.0519740467808505,-0.0267281083656699,0.0144772607248162,0.016597106710474,-0.029620104542174,-0.0532024459810799,0.0063045247374327,0.0063399310747582,-0.0107108104518168,-0.0443433889825051,0.060002195471871,-0.00994523786308817,0.0340385994284014,-0.00599478840259155,-0.017520373260964,0.0328334389113982,0.037684279291158,0.0308753642173568,-0.0333671023655548,0.0301429832820054,0.0289837450110151,0.0162005679379317,-0.0345142081690523,0.00879699222549281,-0.0158253382870405,0.0505398195673109,0.0242433912618056,0.0235976577095854
0.024909126361285,-0.019448647089023,0.0594790596843881,-0.0237025346597165,0.0202775853618369,0.0173589525054132,-0.0014523833005958,-0.0322365744707323,-0.0478426240653978,-0.0278704092173183,-0.0302650233045994,0.00239501142100332,-0.0491656578088767,-0.0639789697855946,-0.00077973306607071,0.0271500404614834,0.0164286425348209,0.018294576574224,-0.005929874910405,0.0807849783229296,-0.0140594926344621,1.05023571533199,0.00328995480699602,0.0235543452412878,-0.0276618779728782,0.0630195966610686,0.0548237699473294,-0.0362730413426256,0.0324487670414184,-0.0448552496435165,0.0384915327876971,-0.0399393680344441,0.0318349862053277,0.040474271481813,0.0370780243091749,-0.00867552937440393,0.0184850372578321,0.0413451215191887,0.0288815545485448,0.0232216860479147,-0.0388426835213343,-0.0503334313688731,-0.0303324891013633,-0.0127851884441955,-0.0212516632384756,0.0236959555362549,-0.0329027759976488,-0.00792541355727084,-0.00530588098936751,-0.014279633185197,-0.0133267292015103,0.0152416657965021,-0.0389492951269752,-0.002691329575899,-0.0369652612060291,-0.0240038379950872,-0.025850757588426,0.00309898711474533,0.0147606083875696,0.00167590498759089,-0.00428982367086152,-0.0762605162473578,-0.00267545347114326,4.1641754689789e-05
-0.0383216349856272,-0.00504234728223428,0.0395814395767752,0.0283752457385976,0.0571384618785996,-0.00411033015961385,-0.00813084927478984,-0.0107444788382171,0.00663297311755464,-0.0552055056922961,0.0151203993027048,-0.0558316364454151,-0.0805106788867403,-0.0365782022643776,0.0118830461374021,-0.0181585982413695,0.00683481392988665,0.0251648829548098,-0.0367214310884575,-0.0458393104488385,0.0510527725732878,0.00328995480699602,1.03983103437626,0.0214219616740857,-0.00453846558616442,-0.000206886145078905,-0.00397050336689514,-0.0299055967925363,0.0114921191315065,0.052308598663411,-0.00528904877704446,0.0375838485938778,-0.027735559450739,-0.0167364018385225,-0.00978715466676271,0.0122793012180121,-0.0115629675248236,0.00230350325246257,-0.00239032502384881,0.0442097323336383,-0.0376116230037787,-0.00738878876164929,-0.026459224870961,-0.0116042586616964,-0.0365036724773654,0.0425553196248417,0.0305699431302536,-0.00171569989836526,0.0507334475638856,-0.00588027848293769,-0.0365226484162998,0.0235357716946751,-0.0335215706207897,0.00792729557368246,-0.00247037579491835,0.0231953601936529,-0.0723093112530624,-0.0348515847295481,-0.00391773903757839,0.0464942590170135,-0.00688008614163094,0.00459874173029567,-0.00620283734810237,0.00509736170970578
0.0461719788891594,0.0400654183478304,0.0109276365627718,-0.00938020545965378,0.0154901503644501,-0.00485231047691079,-0.0183061264340357,-0.0174425381285508,-0.0193560843289967,0.019321712024152,0.0450999722175817,0.0383227005075273,-0.0101102799350708,0.050580446753322,0.0223139011259914,-0.00143051680825433,-0.0570714507203774,0.0358742186235516,-0.00543359043930201,-0.0126259416189871,0.0228699310963284,0.0235543452412878,0.0214219616740857,1.11627958817825,0.0440645249071722,-0.020812487946632,0.00686113632284429,0.0213533244507473,-0.0968492919610838,0.027093962783226,-0.0195597137639353,-0.0138897372167283,0.0352340887307977,-0.0156060875182998,-0.012143581844483,-0.0175704572068779,0.00595611523376983,0.0173031532445045,-0.0205845652440892,-0.0891065261609072,-0.0674377931742089,-0.0123890505168892,-0.00232803145734942,-0.0265118252471453,0.00205152755206413,0.0219963035838118,0.00730439785536716,-0.0259332231244395,-0.0581967070980892,0.0742827903560157,-0.00192039685740852,-0.0231209422780332,0.00318789411983095,-0.0135558779759896,-0.0127257038076887,0.0535127848805742,-0.025845559036027,0.0444995393941718,-0.00879996806173292,0.00118844955866298,-0.0442113164908035,0.00257373945233959,0.0565165425576606,0.0476851212632855
0.0485243763504187,0.00625567096458437,0.0721210766802254,-0.00575390789020984,0.0365666028383195,-0.00369401012853641,0.0172117389046898,-0.010873551984326,0.0033473432237214,-0.0169900731851118,0.0549192358240685,-0.017381628625463,-0.0271164428702205,0.0156447956683487,0.0103486563034087,-0.000255971029246094,0.0495404869370791,0.0231796808147256,-0.053338911859415,0.0306602689301141,-0.052350132665901,-0.0276618779728782,-0.00453846558616442,0.0440645249071722,0.975992018708215,-0.0227416208505771,-0.00572697566515359,-0.0130212327830892,-0.0166492968954389,0.00494137180412486,-0.0197129700291668,0.0163553589386327,-0.00945011013677224,0.00915984134185806,0.0187400339029333,0.0422729683472754,0.0310418429267341,-0.00923778683540252,0.00468523347918731,-0.0122668252446857,0.000467731039733577,-0.0120952092529623,-0.0399673735263135,0.0272785521020381,0.0224501368804084,-0.0177362506865056,-0.0325945482539467,0.0400062350303216,0.00706077839589607,-0.00579439540475682,0.0178549424324192,0.0022594356872257,0.0392278842055478,-0.00795555216026981,0.0413605507326775,0.0145583113082577,-0.0299490218947078,-0.00943169747261472,0.00429534462640963,-0.0206566081736828,0.0159048140140632,0.00882628525469573,0.0202302125716798,-0.0166283168164897
-0.000228293689088351,0.0231855080740935,-0.0783746720114708,-0.0415610290881761,-0.0195230615812299,0.0535221502746442,0.0316358109291418,0.0194921062156966,0.0477011969087845,0.033698531989469,-0.0206089863710978,0.0437520871909118,0.0208197657354847,-0.0129908702060417,-0.0727116201062002,-0.0268790959581415,0.00176108732953132,-0.00499084041039302,-0.0272266815233915,0.0328462530959321,0.0312774321708091,0.0630195966610686,-0.000206886145078905,-0.020812487946632,-0.0227416208505771,1.00975423771875,-0.0238872259718216,0.0197209519153081,0.0409178265284604,0.00499229157346227,-0.0237946232227424,-0.0479634873679849,0.0151830080964953,-0.0338561634423002,-0.0492663170994146,0.050290546270013,0.0220804199514182,-0.00960073962488653,0.0209900537131566,0.0154358499283685,0.0314949049384662,-0.0111071921040613,-0.054334192139929,-0.0240678608288969,-0.0251351358076919,0.000128633675952403,0.000951727349680102,0.000356749465346238,-0.0167607987161214,0.00230507501237821,0.0481294849089182,-0.0322947851790377,0.00188897341481835,0.0258732762459796,0.0278536467500524,-0.00709288075656545,-0.0241086316011604,0.00877353941527041,-0.00583542765130805,0.00555077851689165,-0.041071331044992,0.00087541562710037,0.0585091851891255,-0.00553711705801012
0.0464782952338134,-0.00694886227176638,0.0259083937879468,0.00834099719398593,0.040572641736018,0.0164622483633747,0.0487320998682273,0.0197655897883589,-0.0438747609853577,-0.0303282919524167,-0.0323190949295305,0.0432813376097983,0.00293234615676449,-0.0114596145406686,-0.0261901729924304,-0.0427273471357423,0.0145467637804274,0.0132611488006736,0.00395061626801288,-0.003617833596324,-0.0379291285157242,0.0548237699473294,-0.00397050336689514,0.00686113632284429,-0.00572697566515359,-0.0238872259718216,0.995181118625836,-0.0518461828541184,0.0141405116242885,-0.0163240407119956,0.014401769588994,0.0264168265354964,-0.00232332044798581,-0.013172686756878,-0.0270845801897805,0.00985161278797104,0.0262146575593446,0.0527398526941741,0.0486516500768258,-0.025788818611509,-0.0242984238437023,-0.074215851081667,-0.0107226960497132,-0.0307298619378791,0.0334786022096467,-0.00625883969354651,-0.0271850385255869,0.0382971634224965,-0.0193890785146235,0.0735380899168017,-0.0325785811887597,-0.0366662514857405,0.00394688969043181,-0.0125758402430679,0.0125696987549937,-0.0566679426733104,-0.0482640816965055,-0.00971719067181382,-0.00773607197658739,0.018813049665531,0.0184479980147664,0.0124053905960049,0.0430676079751163,-0.0196471758187224
0.0123436265719553,-0.0441092932673655,0.0168684363859925,-0.010371160422723,0.00808748007017588,-0.014313359317492,-0.00746341792730554,-0.0452022997497285,-0.0216230963774324,-0.0386296175506367,-0.0321075951461408,-0.033639532458978,0.0137432589473825,0.0305319163882285,-0.0118483549512831,0.0530162875993178,-0.0125101745508422,-0.065010485617101,-0.0332072152807665,-0.0141950751414325,-0.0507809077056114,-0.0362730413426256,-0.0299055967925363,0.0213533244507473,-0.0130212327830892,0.0197209519153081,-0.0518461828541184,0.95385192586616,0.0417803097165647,-0.00809167901733472,0.0172784655504924,0.0489404077786315,-0.0232216604920516,0.0305486263962679,0.0140606123936824,0.010202402738714,0.0323415444158777,-0.0169402489748894,0.0155601461486941,-0.0281551066408262,0.0465928924399358,0.0305025283803035,0.016424773376485,0.000573990515389368,-0.0212254623220166,-0.0264781883832426,-0.00290414791396896,0.00844346769491852,-0.0257928832188077,-0.0053681425079203,-0.0179201572091747,0.0288355979700264,-0.00450257108757754,0.0296108754533389,-0.0410190074203038,-0.0298209579575039,-0.030670625189358,-0.0348412841510152,-0.0220276003435176,-0.063359445654021,0.00886252789579792,-0.0209945572951539,0.00574673206954723,-0.0190750607702392
-0.00379140331828202,-0.0192908138553062,0.0224009518698202,0.0310530271074046,0.0350489555275011,0.0347918388729568,-0.0664258713505772,0.0153193710719323,-0.0136703949577301,-0.0132421991070714,-0.0156899014156953,-0.0152196498375932,-0.0465990980790309,0.0215881468108231,-0.0769862805669722,-0.000722020656950453,-0.0482696544324572,0.0136406376242364,-0.0225141242796934,-0.022881167290741,-0.002844143535479,0.0324487670414184,0.0114921191315065,-0.0968492919610838,-0.0166492968954389,0.0409178265284604,0.0141405116242885,0.0417803097165647,0.97973192416959,-0.0131849930140438,-0.0015477670969884,0.0183460242551455,0.00883923274023222,0.00425339606806524,0.0372447155293462,-0.0152969770533271,0.0202977183083323,0.00373452837945816,0.0309284779914194,-0.0163873378319446,0.00334797082083984,-0.0189764482672461,0.00546659669508635,0.0279452845929097,-0.0204320944465595,0.0411759206281828,-0.00735769599655101,-0.00658159312068365,-0.0168108617387773,-0.0263424422676041,0.0374082925206728,-0.0103590550009576,-0.00946785077351281,0.0105192755008005,-0.0489471532424683,-0.0306850124826573,-0.0184303027643541,0.00350405056780976,0.00845530362348228,-0.00666426491224779,-0.0322920729970707,-0.00182879564675013,-0.0309636991452347,0.0159185226803034
0.00147557551308811,0.000572184859599503,-0.0463676428524302,-0.0192488808484421,-0.00918449322561858,-0.0606608258744747,-0.0714604004045387,0.00254497731582898,0.00717650987183491,-0.00424387310546516,0.0532295278032775,0.0125296697678267,0.0239725915696217,-0.0317062167846163,-0.019828541376909,-0.0135373637147771,-0.0201070931568753,0.0226539902759787,-0.0763440036614538,0.011711143086987,0.0133775352255713,-0.0448552496435165,0.0523085986634111,0.0270939627832261,0.00494137180412486,0.00499229157346227,-0.0163240407119956,-0.00809167901733472,-0.0131849930140438,1.073861512582,0.0369458323444669,0.042043108570431,0.0558221964450761,0.0271859806553334,0.0022954130366486,0.0531637056880029,0.0212736614612676,-0.0101022985874058,-0.0222893170496436,0.0695503299051029,0.0199314671475792,0.010804009192186,-0.00916627094155316,-0.0458715363740441,0.00377272425796612,-0.0215572251011609,-0.0115078905640475,-0.0148323655694521,0.0037283816332692,0.0196969246018439,0.00861415766428642,0.0297593372294001,-0.0540391137031954,0.000915932601583232,-0.0185920313692593,-0.0363946312613732,0.0270255513585344,0.00019246506748402,0.0398590393302873,0.00710311901396763,0.0158525043061777,0.0115536800265866,0.0289055525623267,0.00215196314299223
0.00335648056245399,0.0749609279291206,0.00131902872254781,-0.043672789877933,-0.0130967724623136,-0.0117165923107529,0.0300794031414883,0.00251868469922799,0.0152245004543904,-0.0107181468578488,-0.0238810796202673,-0.0096235372516414,0.0310662414712872,0.0379144808008449,0.0289766653289146,-0.0090805570860865,-0.0350618927595335,0.0160349909577877,-0.00970239950507707,-0.00651093900851037,-0.00712625625621913,0.0384915327876971,-0.00528904877704446,-0.0195597137639353,-0.0197129700291668,-0.0237946232227424,0.014401769588994,0.0172784655504924,-0.0015477670969884,0.0369458323444669,0.953459819366734,0.0230711426697328,0.0499724407059339,0.00186855648370869,-0.0423336474659348,0.0645103997710776,0.0311090627039328,-0.0285119613691115,-0.0259264543998113,0.0124845106641794,0.0138340486580717,-0.0109765973224336,-0.00141426726806027,0.000281858026670931,-0.000738025055898809,-0.0049829424810673,0.00930841771832794,0.0298370397282375,-0.0292405096459155,0.00382311002796495,0.0115423263788185,0.0167636586072503,0.0273793056605901,-0.00598136021600317,-0.0106473881816873,-0.0183067929739111,-0.0108408282894347,-0.0490621317230705,0.0338609899434006,0.0275437541110602,-0.000833709726891335,-0.00318051537449084,-0.030483108889709,0.00142467226460477
