1.00900230670963 8.203919276537908e-05 0.01602107541564253 -0.09226681636989263 -0.000303833816147743 0.08123114802828414 -0.03774735154107297 0.00984812429792431 0.04301486818358697 0.03068662525880467 -0.05025781937562727 0.05412830412403254 -0.06161940317814299 -0.0395561182615234 -0.003686812891890975 0.02969518048579932 -0.05480565261645368 0.05706899212036235 0.03894846735123482 0.03972737469871571 -0.01660320757624633 0.004190286244479625 -0.004981448835238463 -0.02131341720901031 -0.03483183269524865 -0.04353890308617824 0.03222032258959152 0.01977739057838638 0.003626877862925901 -0.02535150145108736 0.009810923310735256 -0.01202662234792746 -0.02067612429287719 -0.02232038630002265 -0.04148446168967643 -0.01290790603278546 -0.007980400902842516 0.0268744850187799 0.009159838080529071 0.03908687962458331 -0.02632344036363792 0.07367062028109936 0.01152441445502116 -0.05502534169347566 -0.00898783260581049 -0.005237141054759751 0.05819794865310979 0.0218124756284058 -0.01032023106930987 -0.02456976502835381 -0.04826407358141001 0.009983289026306102 -0.0989647127700137 -0.004002544744671167 -0.04001203503451149 -0.02164967110808354 -0.02069155362587739 0.05625334648333156 -0.01677418115355996 0.02773678070541901 -0.04898943085627518 0.003643539349065271 0.03454922665805821 0.06712108271214982
8.203919276537908e-05 1.021221471110314 0.006900727808599847 -0.03223590305254703 -0.05502154904252951 0.07175209177978839 0.02352252326566928 -0.03504899518851876 -0.04830702228222649 -0.02394077639248349 -0.02385862832711244 -0.02305919013947952 0.04764048858374439 -0.01018434109273277 0.01101221810492111 0.005002812588261584 0.03492294732732545 -0.01170085028169961 0.02246139220057789 -0.01335883164515434 -0.0399808282163546 0.002713713189920222 0.006716062645662589 0.02585933663886981 0.07318565369173749 0.06231178522454639 -0.002499626177715007 -0.009807284941649338 0.02362324135594612 0.03434780112233404 -0.03550497448253628 0.04488747662296465 -0.02792224184332718 -0.01004170767176289 0.02708705875037926 -0.03175674363511357 -0.02248712308607819 -0.04889904426665013 -0.03173431073874029 0.0206837698344042 -0.03708201312479061 -0.02571988863541921 -0.007851232594852511 -0.01575805329137103 -0.04254573030195859 0.01960008170702397 0.01193633876358129 -0.01908294387128696 -0.01667378144707349 0.01926316292826625 0.01799389341389614 0.005269024336450864 -0.03530865062844884 -0.01114587208800086 0.009602873564160622 -0.01289602502732381 -0.0653227946478576 0.01112412120307138 -0.004514460027278316 0.01469531591964869 0.0258064705266003 0.04634567462728868 -0.02154244271627489 -0.0001615339868302867
0.01602107541564253 0.006900727808599847 0.8775225827186562 0.01078839171949755 -0.04168361257069078 -0.008544254349060115 -0.02175143529258936 -0.009566150206369054 0.0147638936212322 -0.02477595442875746 -0.005883113703670447 0.02187104199888159 -0.01891114896825642 -0.01699720193283145 0.007788384084301377 -0.00295254058386553 -0.03736425899759516 0.005456601060465145 -0.03687406191490973 0.05367887040922324 -0.08655287063701983 0.002050547511647797 0.02677737736244072 0.01440308556104106 0.02191390470143478 -0.03674964714452141 0.006577168042937794 0.03186909041435122 -0.01709713997689448 0.04991619078800735 0.02121426876346395 -0.01205138280588686 -0.01686467419575658 0.0002788882793668054 0.02229070925964023 0.01879911312094813 0.01596724822238983 -0.01953080811605999 0.01718318225552288 0.01795474297777591 0.02383542301075513 0.05934957590208739 -0.02580241982298008 -0.01240014974940895 0.04406691684121116 0.03181213856407845 0.01461021330511082 -0.0194114792798035 0.008999470242463625 -0.03829710862275908 0.03351573483013329 -0.03599674078812883 -0.02941675828774374 0.02114033762139069 -0.009987475123484149 0.01470870794624448 0.039655626531847 0.04029848732204462 -0.02953762036686808 0.03103360915405954 -0.003146422171222706 0.01053431484881902 0.0585134222752806 0.001252541861473505
-0.09226681636989263 -0.03223590305254703 0.01078839171949755 0.9916794047051232 -0.002167116929353358 -0.004904129666446804 0.07143332250839374 -0.05806774544370873 -0.005188492743951181 0.0349456012854296 -0.01408685524028845 -0.03669263282720532 0.01041659165839543 -0.03348880144116872 -0.01090578808792261 -0.04186803141499244 -0.06747130377343051 0.04226203476816367 0.001863358859370501 -0.00902421158020468 0.02604883270848813 0.008343130507272515 0.02190739747013888 0.002412117212462551 -0.01069860764816913 -0.03694928627467858 0.05720216726218673 0.04176606270835347 0.0289956332356325 -0.04811636017325072 -0.02094987725274666 0.01346196750478167 0.02807541450716858 -0.00318466944988239 0.001512470455583172 0.0002745851637373752 0.02131962350347179 -0.0338235163606687 -0.01606055214382876 0.02126906797003572 -0.03930932080617904 -0.01913077137072653 0.02941765663225723 -0.00902699686539752 0.005380298261093416 -0.03776426155372328 -0.008748607107238146 -0.02305779201774364 0.02523358907827861 -0.03266964075746545 0.01457165388892647 -0.0042461650195506 -0.02226094913882307 0.01028097730421568 0.01578582731438716 -0.007012415839572645 0.02885013938115446 0.0322954997346139 0.02808954261583876 -0.05866282499045899 0.03674793084277855 0.01573668734759873 -0.01161559560160567 -0.02032335364718504
-0.000303833816147743 -0.05502154904252951 -0.04168361257069078 -0.002167116929353358 0.9940234540562545 0.03124660770133538 -0.0006898330496913022 -0.04114069422555861 -0.01084969228663822 -0.009115499129103389 0.02095387975411842 -0.03483820137313886 -0.05216809537188012 -0.01362143667259747 0.01269103923861832 -0.03712210745253029 -0.01161390080325347 0.000748609509218743 -0.04406772569795159 -0.009754395562928959 0.009726577409191469 -0.03699527404164973 -0.005007172928011852 0.02305758665220653 0.005792742296256358 0.02711618958083083 0.01679240375518098 0.03721477200074891 -0.005869639501953332 -0.02523137458057386 -0.01171819042522893 0.02339852757587443 0.006926264497240847 -0.04185333681817546 0.03741649622092209 -0.001437510419797101 -0.04333578050881515 0.02788972990895833 0.02134905153606523 0.02911722054189596 0.0231158870156202 0.04030541731561487 0.02073090849673832 -0.02659705257875293 -0.05505483363040582 -0.0491332295414906 0.01171324621436438 -0.02828148988592095 -0.003059945980753784 0.006207447495943492 0.01783289560744471 -0.008674370733968796 0.02272596100454307 -0.0233385526709816 -0.02109598944188978 -0.01534070901071481 -0.07349525008286613 -0.05346842563529414 -0.07540858378054924 -0.002502564487108318 -0.02940841093399028 -0.07821328081886018 -0.07451554579352151 6.771482106549768e-05
0.08123114802828414 0.07175209177978839 -0.008544254349060115 -0.004904129666446804 0.03124660770133538 1.046517792982232 -0.00226962052851739 0.02620561936739314 0.09298797095292718 -0.05826284697391428 0.0276857919989063 -0.02279015180820524 -0.03407175754718153 0.01505787690488949 0.03229599000165586 -0.03349616926643263 0.02432093094013957 -0.02569696212136375 -0.04623349890953518 0.04003390680077029 -0.0608685299914499 0.06170646541197581 0.01189098025719973 -0.05053245743576593 -0.04530949332044838 0.01840192232189578 0.01581958990477769 -0.03649644821171846 -0.008491999846347853 -0.008651521849070823 -0.002793300393688122 0.08455576335445725 -0.06420673300837715 0.02548491127717001 -0.009124795700770343 0.02956076523746226 -0.02569467523793236 -0.02142003857162278 0.005439126613368414 -0.02244144406061486 0.04524787190393059 0.002169925122209673 0.009727708067818093 -0.01407932129815427 -0.06358550945118135 -0.05448361695710768 0.02426364651799866 0.002383859182064069 0.01610820174709451 -0.02565808313782614 0.06516620153141436 0.01241558198095115 -0.05561158762112763 -0.01882145169778108 -0.0623487399583534 -0.03470987612165502 0.0007393305586025425 -0.006589699190809387 -0.007456889567883804 -0.02642903925097 0.03452156732721588 0.07544924475202214 -0.02094393876279849 0.009053319350071327
-0.03774735154107297 0.02352252326566928 -0.02175143529258936 0.07143332250839374 -0.0006898330496913022 -0.00226962052851739 0.9734609962652285 -0.04793204887396413 0.005796249295774225 0.06093907633029416 -0.01889906417840726 -0.003781387946661508 0.0005425327011723208 0.01168587516902787 0.01661147959839725 -0.005244448736477014 0.02140743968366438 -0.02431391673029595 -0.01421234719396741 0.0270513081724555 0.00960191101771183 -0.04198660560427521 0.01530787103348617 0.05460317297089459 0.03017635333379844 -0.02290401269385955 -0.02489979619592191 0.04179765493113707 0.04235866030958445 -0.04853018450095609 0.01944939591144144 0.02440905164390212 -0.04929791705641227 -0.001759910627861974 0.03252843613067226 0.001795775994402067 -0.04076264923638089 -0.05894850711961767 -0.04511832833765942 -0.0003104310011415104 -0.0246823043440637 0.02835407051564989 0.0007348031575544704 -0.01609624740572566 0.04345662372952859 -0.011215732006056 -0.01073729635104163 0.04057262079887754 0.002074846405444994 -0.008652226732652622 -0.001814149812373347 -0.01333871681004539 0.02785894788465461 0.01259646931282507 -0.03287823712694019 -0.0338574816573949 -0.05433260989563726 -0.03061941756193568 -0.0492901727843615 -0.002983105989527979 0.03795436567685313 -0.005992695283865897 0.0197776954464614 0.02782266410611274
0.00984812429792431 -0.03504899518851876 -0.009566150206369054 -0.05806774544370873 -0.04114069422555861 0.02620561936739314 -0.04793204887396413 0.9817807228453754 -0.00624087098547947 0.02222936646513861 0.0362793879995268 0.01880554354417913 -0.03737218158336494 0.02078982629608384 0.02780451592538795 0.007358926739531209 0.02557749470337525 0.01031916119694679 -0.06840704646360388 0.01780353362484069 -0.06893017838247839 0.02372270737073182 0.0260495043839991 0.008922303563420751 -0.01157363228397386 0.009660669466170597 -0.06519618197788821 0.00214703037951409 -0.008594153257247616 0.04150192599718103 -0.01462156724668785 0.03865348304573932 0.03100488950715619 -0.03872848212288738 0.01885535442084547 -0.05287081656176261 -0.04350720430838367 -0.03251648735307381 0.05331321224819623 0.01029351759926129 0.02331194526694054 -0.02877290469586648 -0.01024679528302607 -0.01451375436136588 0.001404687105767726 -0.02676716788087653 -0.004605828041373248 -0.03237970650670191 0.01082789628111913 -0.01718005880458477 -0.003601677332773791 0.02871856226198055 -0.001382729031508122 -0.01717412368794227 0.0508568795115877 0.003822464038368173 0.016496310915938 0.003244680034596676 -0.03050836353327466 0.03520326315212255 -0.01097691509212838 -0.03426303146739972 0.007886215057892729 0.02300797562222499
0.04301486818358697 -0.04830702228222649 0.0147638936212322 -0.005188492743951181 -0.01084969228663822 0.09298797095292718 0.005796249295774225 -0.00624087098547947 1.011635927983886 -0.01243957524570405 0.02265430697351372 -0.001629512391435589 -0.02362596743088018 0.0199291407986618 -0.009911441734552462 -0.02994026612780562 -0.06875216651926294 0.05311973552331514 0.04790221434778032 -0.003724773324123248 0.04315914242053896 0.01901575839287825 -0.02831122919466483 -0.0264492923784655 0.007275770257952731 0.001543929972459904 -0.008293894800962421 -0.00231908989552173 0.02041705846529901 -0.02923249342438627 0.007235834178427531 -0.05555435023663717 0.09312958865093035 0.01454514330928 0.04889022076070112 0.03960056475001333 -0.05663131560444016 -0.003102622163170221 -0.04355823522041834 -0.04357901343311088 -0.04653594227934676 0.04229160382833623 0.01067596981943881 0.1158302982992002 -0.01876642634208445 0.05029179384036481 -0.01721169840151318 -0.0165965192175702 0.03226708121414987 -0.04276573932919672 0.006426109519755835 -5.406030795200405e-05 0.03003231903245579 0.008346932742466107 0.02385700890275837 -0.01458647757005459 0.0008956982390105634 0.04049110173978385 -0.02718278512042352 -0.01581083880976238 0.01621097323134423 0.02494710548465758 0.04212350009949526 -0.05278653284523414
0.03068662525880467 -0.02394077639248349 -0.02477595442875746 0.0349456012854296 -0.009115499129103389 -0.05826284697391428 0.06093907633029416 0.02222936646513861 -0.01243957524570405 0.9211991168656015 -0.02143474925404293 0.005357719141108818 -0.07539111833937512 -0.02934623696577124 -0.01255392219764733 -0.03728542870155958 0.01797645301690063 -0.01458060782186951 0.02771230982848216 0.02517405326970069 0.05546259573080364 -0.01740095498529132 0.008283923244343646 0.001392963589245507 0.02659595727327863 -0.01423680988286816 -0.01169637548994073 -0.02259884559642176 0.01542955184224658 -0.01080642091872072 0.01592917665175107 0.03587195923299805 0.009715420251275225 0.02509655097129904 0.008673281402762771 0.01653599780942371 0.007748178475097289 0.01802184320890846 0.01564867997081049 0.02731253805144006 -0.04078457102033693 -0.02989055157037469 -0.01401031726931504 0.02555820615626952 0.01763900131893269 0.03147501972122142 0.03704800031114538 0.06336184955174562 -0.03070693171730481 0.03288589369883364 0.02973158567946682 0.03108497663563027 -0.02199597134587802 0.02771848452014184 0.003404147810368715 -0.02770467195681034 0.01398623541394773 0.0108160947273586 -0.03040096359053127 0.01288326206105176 -0.06290444185775079 -0.03275372052166951 0.01128502450318462 -0.02264056964369272
-0.05025781937562727 -0.02385862832711244 -0.005883113703670447 -0.01408685524028845 0.02095387975411842 0.0276857919989063 -0.01889906417840726 0.0362793879995268 0.02265430697351372 -0.02143474925404293 1.059413058691022 0.007543391562534779 0.007959387690852335 -0.07651419847447025 -0.05010036452690846 -0.01734916368518994 -0.009547948288748822 0.003419277631261011 0.03957180929310596 -0.05617793108506608 0.08116209059625151 0.01224822825117636 -0.02036768136313426 0.02395402338555303 0.03294228066911167 0.04198840748547202 -0.05059016801521622 0.01410244616692342 -0.02647687865326415 0.008141961711291879 0.00504562199242477 -0.01512923991632957 -0.01166296906140835 0.01722909175296948 -0.01171375111511182 -0.008479160055546161 -0.02277481274409268 -0.03868368283664841 0.01208428529273689 -0.04967643105748089 0.02695593232593449 -0.07740502936454662 -0.04056990031005653 0.009545929215008511 -0.008581060540152398 0.01247064110139317 -0.01391432076917779 -0.06075667412999754 0.02966901255997994 0.01577232486104056 -0.0129470892089743 0.03374388589531207 -0.02034217424957769 -0.01071710893528689 -0.007968551120624858 0.02994739220243628 -0.007641153555918134 -0.002977685207781911 -0.07106368645688242 -0.009216839304792796 -0.04098080698051711 -0.0208138259508837 0.02721066299608133 -0.04205392697524189
0.05412830412403254 -0.02305919013947952 0.02187104199888159 -0.03669263282720532 -0.03483820137313886 -0.02279015180820524 -0.003781387946661508 0.01880554354417913 -0.001629512391435589 0.005357719141108818 0.007543391562534779 0.984208779066176 -0.0553490113959226 -0.008821126951555971 0.0006409602667051921 0.04128179477911535 0.0361918284092259 0.001736251224781223 -0.02416676210658517 0.02275928534731997 -0.004288038750108619 -0.005845558524038146 0.02012472880021541 0.00577794559241724 -0.04959364170856367 -0.0225555750670163 -0.03590586698969621 0.001914924312056631 -0.000527574702251711 -0.01409780815357366 0.007688525020486392 -0.0170589422831551 0.02307243084535698 0.008940504929845206 -0.031770913348345 0.03662707338290735 0.009482312088543544 0.02346003539691765 0.05162105069242534 -0.01583938760057873 0.007576935516557677 0.000507656175315124 -0.05612706598818595 -0.0336402357910963 0.004553437378923761 -0.005755900525805339 0.05125361006388461 -0.0177624329490901 -0.0310288360706012 0.007100130460840474 -0.0402105434068359 0.0323135615163823 -0.04014222629323503 0.007430032576767277 0.009707214530886665 -0.03345424721629472 0.04261173652038081 -0.02931543710001078 -0.008642791483135733 0.02860605956633084 0.003707516772782289 0.02372271727447335 0.04480719059993084 0.07248374712767597
-0.06161940317814299 0.04764048858374439 -0.01891114896825642 0.01041659165839543 -0.05216809537188012 -0.03407175754718153 0.0005425327011723208 -0.03737218158336494 -0.02362596743088018 -0.07539111833937512 0.007959387690852335 -0.0553490113959226 1.010571546052282 0.01051836498368653 0.01686426540508748 -0.03897284414338258 0.02572172556543311 0.04471903235261782 -0.04684491903688207 0.009188667224032221 0.02890636558259548 0.02491199509341042 -0.02832074974312983 -0.02779031352877462 0.02904059182570087 0.01871972710782895 0.02450846810827482 0.03077142093582405 0.00796395010528215 -0.02156606674704618 0.01080482981248913 -0.02986712274432947 -0.02290105266289531 0.01823097704049301 0.04584067010708918 0.05035733207606382 0.004054590294930716 -0.02322353132535059 0.0221786087238881 0.02412776752860074 -0.04700955795184714 0.02402930514657965 0.0008978720841372881 -0.002455545652136649 -0.00192408826075879 -0.04969279361794501 0.02488687806013325 -0.01613361613088279 0.002955783638217066 0.05061001008282287 0.009653224191580753 0.02166749168745472 -0.0408505795705237 0.001636123050931465 -0.0290810846793657 -0.02241679018189011 0.01046607849598391 0.02763442260611942 -0.0338502242581384 -0.009011236174692655 -0.004281685936345195 -0.003487485102308995 -0.0001366842440185048 -0.03866056318823136
-0.0395561182615234 -0.01018434109273277 -0.01699720193283145 -0.03348880144116872 -0.01362143667259747 0.01505787690488949 0.01168587516902787 0.02078982629608384 0.0199291407986618 -0.02934623696577124 -0.07651419847447025 -0.008821126951555971 0.01051836498368653 0.9768962049481162 0.03605906125267028 0.02303258761791127 0.04359781855402341 0.05775236396816776 0.003904210336130892 0.0106137195145102 -0.0004689463755948964 -0.001550719303869926 0.02048082607873391 -0.008375845586225342 -0.01297577925033277 -0.03897982953992926 0.01673612130944016 0.02359927426011242 0.03048431728141714 -0.03420211578957881 0.06521139084364494 0.02497952830298064 -0.009803711498618785 -0.03305726327672483 0.01467535876433188 -0.04038667205986746 0.04444083186877919 0.01656692331129716 -0.01805022778603331 -0.03254380611117436 0.01114124049358846 0.06408987128618833 0.05862109751425404 0.01223131713324129 0.00291783767332939 0.004171320708211157 -0.0334243782036092 -0.01986852843248491 -0.01522485153439355 -0.04125412060970315 0.004232830870814639 0.003022095734441985 -0.003144819930532842 0.05997072049445119 0.02143688494894064 0.02207587261761188 0.02433234873901646 0.03046841583026292 -0.01907747349141887 -0.00813077630574939 0.01994897358557102 0.03248678467350317 -0.00338921979697974 -0.05493187302523084
-0.003686812891890975 0.01101221810492111 0.007788384084301377 -0.01090578808792261 0.01269103923861832 0.03229599000165586 0.01661147959839725 0.02780451592538795 -0.009911441734552462 -0.01255392219764733 -0.05010036452690846 0.0006409602667051921 0.01686426540508748 0.03605906125267028 0.9335524743405427 -0.01873951163512686 0.01290626684531771 -0.0120450318022259 0.02827254695208568 0.04775265702716622 -0.0124476272528975 -0.007473470304355936 -0.02077907248412621 0.01638870264614704 -0.02364800489439229 0.0002133789948576964 0.02075870500273585 -0.04556075787972754 -0.00809280547956342 -0.03607420570765626 0.002824855826195165 -0.01510760060592838 -0.03843652460639271 -0.01372012373143977 0.02892232612805289 -0.03461731147289229 0.06536152982675827 -0.06480799894037197 0.0535217989386492 -0.02283944536445272 -0.01317828586331113 0.02755314316444506 0.03102062813652149 -0.01845314011716068 0.008928354994211594 -0.009738931521858174 0.05033366316354894 -0.01446603960721777 0.0172269941783618 -0.01133076850807582 -0.0164959215021061 0.003821381069014175 -0.0118833561083612 -0.01638695675445185 0.008593866524500829 -0.02610178435700496 -0.02146126331981803 -0.04053909850078285 -0.02058005857001935 0.03879839367997467 -0.01134072061922907 0.02433112311532142 0.03549298772741025 -0.02807504508112364
0.02969518048579932 0.005002812588261584 -0.00295254058386553 -0.04186803141499244 -0.03712210745253029 -0.03349616926643263 -0.005244448736477014 0.007358926739531209 -0.02994026612780562 -0.03728542870155958 -0.01734916368518994 0.04128179477911535 -0.03897284414338258 0.02303258761791127 -0.01873951163512686 0.8980622366605768 -2.605817058529223e-05 -0.0538129384978838 -0.01332896185955679 -0.01287817528896507 -0.004547202826568846 -0.05913325622674578 0.03523900488877429 -0.01921029525696106 -0.004736811658282165 0.02702845548900061 -0.0561551456848129 0.03539723211156257 -0.0416878843808378 0.001356749471897741 -0.01286265722331005 -0.07015919802107851 0.0266951741440226 -0.03584661170344582 -0.04088089345581445 -0.05482446837358827 -0.04688527494729339 -0.007671388473449607 -0.03612756796073271 0.1277586646395386 -0.007079733079150698 0.03955075485120634 0.01530121491026299 -0.01124958203307628 -0.05407865629433858 -0.0290367789614793 0.01156030820718981 0.03052477281583633 0.03412386895261234 -0.01178428303114951 -0.01576195660168908 0.02569281192924541 0.01478354781117221 0.04862171219570635 0.02114233835674161 0.01752341669312424 0.0280350724498154 -0.03186849985379525 -0.0005966136683614913 0.02721001990687053 -0.008227574063139592 -0.000232606775671499 0.02334132665980459 -0.02512479407189338
-0.05480565261645368 0.03492294732732545 -0.03736425899759516 -0.06747130377343051 -0.01161390080325347 0.02432093094013957 0.02140743968366438 0.02557749470337525 -0.06875216651926294 0.01797645301690063 -0.009547948288748822 0.0361918284092259 0.02572172556543311 0.04359781855402341 0.01290626684531771 -2.605817058529223e-05 0.9481977322457026 -0.01705214252734624 -0.02823765305942134 0.002194115691640958 -0.003104880848609342 -0.0007046764979441421 0.03307083979874062 0.01463334429285761 -0.0203164706361372 0.02312584893312164 -0.04026686131189249 0.04880973049896563 0.02104287329477075 -0.04442556639079345 -0.005442197192886345 -0.03670130051921242 -0.01034214967926246 0.01054494489056353 0.04926428599957455 -0.02255504572411457 -0.02414032972525716 0.01643158790304847 0.0095054136678621 -0.002006684500809044 0.0145856459169165 0.02971051212127196 0.0218511039574586 -0.00458606366334828 -0.05068429204177036 0.0426604307742216 0.01673886935002546 -0.01630589690054062 -0.01605613300493827 0.0134104213875007 -0.02784753185928847 0.0006611253973568577 0.02564077785688765 -0.01847437601156064 -0.007566649391350173 0.0149017975696319 -0.006703788943955501 0.0112494114648858 0.04788887331044572 -0.01666787356875924 -0.03938524369144941 0.03743210912872113 -0.01801717142454617 0.04894019509010386
0.05706899212036235 -0.01170085028169961 0.005456601060465145 0.04226203476816367 0.000748609509218743 -0.02569696212136375 -0.02431391673029595 0.01031916119694679 0.05311973552331514 -0.01458060782186951 0.003419277631261011 0.001736251224781223 0.04471903235261782 0.05775236396816776 -0.0120450318022259 -0.0538129384978838 -0.01705214252734624 1.043838919739285 0.03740785419565856 -0.02969136611503023 0.006165244268794352 0.003929675902169581 -0.005790411646949337 0.01508940493848701 0.0324568657493933 0.01448147328711191 0.04759463172668479 0.05978502816053229 0.02962661613107661 -0.0009594394116862227 -0.01827321708482763 0.01377342066176166 0.07269088238654223 -0.01419024140692667 -0.04156949814660432 0.02843488768817686 -0.03936363976676456 -0.02861380753697366 0.01720006144218901 -0.01027253393055982 0.04056362650391379 0.01409052676286195 0.00228643422552521 -0.02914377130922059 -0.007163073444411926 -0.06338593553929622 -0.003030892998147412 -0.01512217537480194 -0.0066619307160615 -0.02964171859276503 -0.0542724460399972 -0.01922237407138483 0.009173670358338496 0.001135969179583751 0.06679851764036515 0.0007880387552708524 0.03411012556794799 0.01572934954217456 0.01844267896859533 0.032321536191686 -0.04217817848643875 -0.008776282895138206 -0.00840942973524297 0.02070443217663666
0.03894846735123482 0.02246139220057789 -0.03687406191490973 0.001863358859370501 -0.04406772569795159 -0.04623349890953518 -0.01421234719396741 -0.06840704646360388 0.04790221434778032 0.02771230982848216 0.03957180929310596 -0.02416676210658517 -0.04684491903688207 0.003904210336130892 0.02827254695208568 -0.01332896185955679 -0.02823765305942134 0.03740785419565856 1.075833386613136 -0.03670837821349288 0.0163194162082174 0.009468113224979646 -0.04867579477889468 -0.03699536934249852 0.05444336817882593 0.04683110322277691 -0.01411919910304533 -0.004200216214950874 0.07995665713028642 0.00424405263630705 -0.01160493023026809 0.005124625454751433 0.006646478108327837 -0.02561491323735626 -0.03051823222446963 0.01753665569063495 0.01846350581070823 -0.01438166093800573 -0.03215092548175435 -0.0148492177714294 -0.06641893129791686 0.008240247497889062 -0.03499055221218492 0.04803707384384261 0.009006896970029894 -0.02947611090373547 -0.04504032733694618 -0.03050043353574473 0.01355427044659502 0.02883884478819817 -0.01451581739277462 -0.04275494495839439 -0.003947597330103341 0.002528102612040773 0.03662417255632015 0.001484676631048793 0.04435049330050667 0.007544432528035097 0.04457113683489456 -0.02781652274533392 0.02522995667531291 0.01317128112193554 -0.02929010087010648 -0.006361531481454026
0.03972737469871571 -0.01335883164515434 0.05367887040922324 -0.00902421158020468 -0.009754395562928959 0.04003390680077029 0.0270513081724555 0.01780353362484069 -0.003724773324123248 0.02517405326970069 -0.05617793108506608 0.02275928534731997 0.009188667224032221 0.0106137195145102 0.04775265702716622 -0.01287817528896507 0.002194115691640958 -0.02969136611503023 -0.03670837821349288 0.9317969002268502 0.01728762648202464 -0.02047068530113279 0.04764125716553861 -0.05050713003706874 -0.001774515047767659 -0.005304935642613997 -0.03628637915013351 0.0606652550354421 -0.02519207829760343 -0.03548564898719867 -0.01271618470346264 0.05873625438615822 0.02669509263627291 0.01125158991874341 0.02952891208399073 -0.01993477267783785 -0.01948896024302338 0.006580642858343028 0.03827468123608246 0.06000486299725651 -0.04691099523098641 0.02711064072485513 0.02911602495791243 -0.0479437695456967 0.004494826360268423 -0.03444779528918832 -0.003339935794521505 -0.01450621091060532 -0.01436590577298199 -0.01762183443177652 0.03179403371718792 0.03874194405502539 -0.04813788577902052 0.0229130852197534 0.005517616019797493 0.01194789566175279 -0.05644685599546481 -0.07205535240752098 0.03316886533841545 0.01855630118793668 -0.02936042136670645 -0.01836889284867228 0.02748351820301818 0.01764493737173731
-0.01660320757624633 -0.0399808282163546 -0.08655287063701983 0.02604883270848813 0.009726577409191469 -0.0608685299914499 0.00960191101771183 -0.06893017838247839 0.04315914242053896 0.05546259573080364 0.08116209059625151 -0.004288038750108619 0.02890636558259548 -0.0004689463755948964 -0.0124476272528975 -0.004547202826568846 -0.003104880848609342 0.006165244268794352 0.0163194162082174 0.01728762648202464 0.9418590936916843 0.007452217601677941 -0.04438026048869669 0.008064407392211925 -0.01704873888053732 -0.01096341268901304 -0.00213398109538309 -0.02654601593599936 0.03705025933755664 -0.05191757711543498 0.0002115133352441033 0.009355188376170505 0.006926946515373898 0.0050590133747548 0.0336075761383455 -0.04121196882144394 0.0004542406393290713 0.01608304566088052 0.007441997136245718 0.005939172422816552 -0.04781452990038465 -0.04038094324625136 0.01589415110427664 0.02638536864957099 0.04319893158855988 0.04293293695394316 0.05801225902882783 -0.03753298569774179 -0.07398125261729062 0.04458218802977409 -0.0366516328358905 0.0255576331380742 0.0651657152145614 -0.02409835385993743 0.01953128231680574 -0.0144761594407158 0.009690138596050606 -0.01359237366217264 -0.00848382511000563 -0.02602020407906838 -0.01971444459427835 -0.009164402571386067 -0.04560824030631723 -0.01064592209856142
0.004190286244479625 0.002713713189920222 0.002050547511647797 0.008343130507272515 -0.03699527404164973 0.06170646541197581 -0.04198660560427521 0.02372270737073182 0.01901575839287825 -0.01740095498529132 0.01224822825117636 -0.005845558524038146 0.02491199509341042 -0.001550719303869926 -0.007473470304355936 -0.05913325622674578 -0.0007046764979441421 0.003929675902169581 0.009468113224979646 -0.02047068530113279 0.007452217601677941 0.9896750977906484 -0.03092694305524985 -0.004534224907657654 0.01813023119535116 -0.012629888295196 -0.003499955462871195 0.02004214468339489 0.01360465775651685 0.02545729345931129 -0.02328251603072799 -0.03851712532735832 0.01693899991085378 0.01357719155918786 0.0374379419302823 -0.02387830391034262 -0.01091353146042672 -0.002584255197147559 0.02106982919954161 0.09147925779949918 0.01127195841874781 0.01712651919330285 0.01280757465428781 -0.005864342859117288 -0.00286328342552946 0.02548559729131528 -0.012280445663393 -0.04058553829393707 0.01070641792067729 0.014559030769998 -0.004497787198325734 -0.04950674902182839 0.01512289054299868 0.0230530219932363 -0.001666325975954412 -0.02837124171850689 -0.008513146628420367 -0.05463208452878669 -0.06757698855588848 0.02567786292301014 0.04995318918671435 0.00503052523022321 0.02989531651172213 -0.04592448807233444
-0.004981448835238463 0.006716062645662589 0.02677737736244072 0.02190739747013888 -0.005007172928011852 0.01189098025719973 0.01530787103348617 0.0260495043839991 -0.02831122919466483 0.008283923244343646 -0.02036768136313426 0.02012472880021541 -0.02832074974312983 0.02048082607873391 -0.02077907248412621 0.03523900488877429 0.03307083979874062 -0.005790411646949337 -0.04867579477889468 0.04764125716553861 -0.04438026048869669 -0.03092694305524985 1.012013632226529 0.02839841391857491 -0.006853105877254597 -0.02492647144145778 0.003902739281722025 -0.01985890360769273 -0.0002711124795577143 0.002349495527062517 0.02413807062545055 -0.006621700590026378 -0.01655126107919901 -0.00401816479403428 -0.01789056482131158 -0.03345524864575106 0.0325119726806349 -0.01221570673203597 0.04712519014856607 -0.01938153590224537 0.01944535693951377 0.0318954795011261 -0.04923905251672449 -0.009706592329982772 0.01154468591405749 -0.0007422651823229586 0.02398044104215874 0.04047990167460326 -0.004527113457245532 -0.04044111786119202 -0.0009830240094111107 -0.01083303204904258 0.01220306533230208 0.004783726454425618 -0.002349902242142756 -0.003227444765253457 0.032496556339243 0.04513885360947664 0.03578766846095579 0.01484772140470466 -0.03134880184498117 0.008306909248875049 -0.02214979074483152 -0.02279342025006574
-0.02131341720901031 0.02585933663886981 0.01440308556104106 0.002412117212462551 0.02305758665220653 -0.05053245743576593 0.05460317297089459 0.008922303563420751 -0.0264492923784655 0.001392963589245507 0.02395402338555303 0.00577794559241724 -0.02779031352877462 -0.008375845586225342 0.01638870264614704 -0.01921029525696106 0.01463334429285761 0.01508940493848701 -0.03699536934249852 -0.05050713003706874 0.008064407392211925 -0.004534224907657654 0.02839841391857491 0.9467282026486448 0.002532838857088865 -0.009601659118061091 0.06029887186827473 -0.008418873870053217 0.01101908264677031 0.02259419304157576 0.03303339837876493 0.06997230431209284 -0.009629980583501061 0.01291208675244081 0.01061974171057202 0.01776832740695777 0.009303962745261869 -0.02641438971006624 -0.04490273073549796 0.02094233630424472 0.0183034134511621 0.00554603635394033 -0.01955118219588943 -0.006911014433497341 0.02135612037008875 4.226087036816352e-05 0.05414985058275461 0.01896632514087082 0.02972291325059146 -0.0621940291552783 -0.006244694226519212 -0.04029593798080432 -0.03352267238537767 -0.03371912997062936 0.01807019383333718 0.05107049194339715 0.05461282775051883 0.0009619577134427314 -0.01702992574473247 -0.01070313317793008 0.005121822235329146 0.05628376301823114 -0.002052503361487651 -0.007693873079110824
-0.03483183269524865 0.07318565369173749 0.02191390470143478 -0.01069860764816913 0.005792742296256358 -0.04530949332044838 0.03017635333379844 -0.01157363228397386 0.007275770257952731 0.02659595727327863 0.03294228066911167 -0.04959364170856367 0.02904059182570087 -0.01297577925033277 -0.02364800489439229 -0.004736811658282165 -0.0203164706361372 0.0324568657493933 0.05444336817882593 -0.001774515047767659 -0.01704873888053732 0.01813023119535116 -0.006853105877254597 0.002532838857088865 1.11108355632462 0.04614647023300188 -0.04293735098635432 0.04686017516779346 0.02778655234124141 -0.03836580894534072 0.002097894379906574 0.007321886571727557 0.02695468337694416 -0.02549487522511731 0.04836571807383323 0.00958170956637561 0.005087602490529183 0.05998701481342388 0.00282830109014282 0.07066256849055115 0.003567992461558551 -0.0004097885546494352 0.04704757645892926 0.04174666270001452 0.06234380423144881 0.04261264630514002 0.09089062032374556 -0.02256742947603057 0.03180463932423067 -0.02030426786588169 -0.005194920236697811 -0.0229543521549062 -0.09664266824076151 0.03783075054047849 0.0103158142474651 -0.03225528385524427 -0.0293757238097429 -0.003816516535522981 -0.0385212126337998 0.05220495016223528 -0.05676840113974038 -0.04180373090070783 0.01962246635938842 -0.05592063949524838
-0.04353890308617824 0.06231178522454639 -0.03674964714452141 -0.03694928627467858 0.02711618958083083 0.01840192232189578 -0.02290401269385955 0.009660669466170597 0.001543929972459904 -0.01423680988286816 0.04198840748547202 -0.0225555750670163 0.01871972710782895 -0.03897982953992926 0.0002133789948576964 0.02702845548900061 0.02312584893312164 0.01448147328711191 0.04683110322277691 -0.005304935642613997 -0.01096341268901304 -0.012629888295196 -0.02492647144145778 -0.009601659118061091 0.04614647023300188 1.074562253861481 -0.009381470386735728 -0.02444192494475934 0.004653665289397035 0.0154097735361101 0.0009354140294709646 0.02829681851365072 -0.002818165458464464 0.01403245320305274 -0.02897007833371647 0.01481810357371446 -0.02179329654092447 -0.01601632946512347 -0.01217787954815187 0.005155191838547065 0.003684414981451046 -0.0228356350403866 -0.01859451607096886 -0.00222489971762892 -0.02808696867390438 0.01296865627862419 0.0301717400902192 0.02427527570607899 0.04385230932147018 0.03386492032930629 -0.01870452423724033 0.0471091363994216 -0.08053234017879637 0.05611334869997607 -0.01493964416316445 0.01858002978969567 0.002415445049784489 0.05604312756907759 0.02687109555595827 0.02136002299542744 0.001097202202779231 0.01571501632385166 0.04220330624999295 -0.01917285897082627
0.03222032258959152 -0.002499626177715007 0.006577168042937794 0.05720216726218673 0.01679240375518098 0.01581958990477769 -0.02489979619592191 -0.06519618197788821 -0.008293894800962421 -0.01169637548994073 -0.05059016801521622 -0.03590586698969621 0.02450846810827482 0.01673612130944016 0.02075870500273585 -0.0561551456848129 -0.04026686131189249 0.04759463172668479 -0.01411919910304533 -0.03628637915013351 -0.00213398109538309 -0.003499955462871195 0.003902739281722025 0.06029887186827473 -0.04293735098635432 -0.009381470386735728 1.023258728569825 -0.01513300865204375 0.02989081154362044 0.00915542244625684 0.024763909785522 -0.05520945045969832 0.02659856497261361 -0.005767335589973573 0.02985755594403749 0.02980062964757863 0.05405382176183279 -0.01967219545460634 -0.001839048829723574 -0.01163249660368712 -0.03453267954194596 -0.007994973770312226 0.005464255448627232 -0.03734187246365397 0.01486376886411809 -0.01241916997234222 -0.0201046063102378 -0.01416539413672907 0.01994654360005087 -0.01955355639864959 0.001205712719288909 0.003395110990304805 -0.03439684299000958 -0.0210959703607735 0.0527311377825856 0.03087106912081532 0.01332353982747598 0.006033867403889854 -0.0589156313600629 0.0009142111799262248 0.03368312513724296 0.002010002797735696 -0.007385826876508355 0.01173384118347161
0.01977739057838638 -0.009807284941649338 0.03186909041435122 0.04176606270835347 0.03721477200074891 -0.03649644821171846 0.04179765493113707 0.00214703037951409 -0.00231908989552173 -0.02259884559642176 0.01410244616692342 0.001914924312056631 0.03077142093582405 0.02359927426011242 -0.04556075787972754 0.03539723211156257 0.04880973049896563 0.05978502816053229 -0.004200216214950874 0.0606652550354421 -0.02654601593599936 0.02004214468339489 -0.01985890360769273 -0.008418873870053217 0.04686017516779346 -0.02444192494475934 -0.01513300865204375 1.056784595844188 0.07275423017651078 0.01860109516045805 -0.01484945145935843 0.07747919063190062 -0.008026500444109543 0.03671696207635491 -0.01315453427165657 -0.0132012504627694 0.01079895238400157 0.01023435154737989 0.009086256957666305 0.021279705445738 -0.03729698384388681 -0.01672128679390441 0.08612441159188067 -0.02373727366442686 -0.02338472756221692 0.005992479096805687 -0.05809147984995559 0.01399361144273765 0.02063619229951027 -0.02546891882204287 0.0318748295500764 -0.02917531889022138 -0.01844921557924907 0.05254990938673611 -0.01285427880126262 -0.02069669526992935 -0.004700904708538345 -0.01360003063215687 0.008093981306485979 -0.02327692872624973 0.01951232424852289 -0.006998750076434308 0.04400759844418999 0.01613302042173769
0.003626877862925901 0.02362324135594612 -0.01709713997689448 0.0289956332356325 -0.005869639501953332 -0.008491999846347853 0.04235866030958445 -0.008594153257247616 0.02041705846529901 0.01542955184224658 -0.02647687865326415 -0.000527574702251711 0.00796395010528215 0.03048431728141714 -0.00809280547956342 -0.0416878843808378 0.02104287329477075 0.02962661613107661 0.07995665713028642 -0.02519207829760343 0.03705025933755664 0.01360465775651685 -0.0002711124795577143 0.01101908264677031 0.02778655234124141 0.004653665289397035 0.02989081154362044 0.07275423017651078 0.9858387648829146 -0.07449871282530653 -0.003886811546162001 0.04680048960846284 0.02628596943947391 0.03595309878998719 0.02030386379676373 -0.005438500341231096 -0.03382716071506527 -0.04531499086762361 0.03067328828442132 0.005622470360290868 -0.01675509717426916 0.008104116945937909 -0.0230355929884479 -0.0489596001038799 0.02071635659798378 -0.03522048325253668 -0.01304947178907245 0.02736125134830734 0.01911660090205451 0.0527205548765372 0.04200691342078277 -0.02808514925554119 0.02492221701605705 -0.008678412444533537 0.01237334111865046 -0.03822572558650686 -0.03865963222915541 0.02242991267809518 0.03828974872185357 -0.001845850316166806 0.01050796612994828 -0.01372366437572047 0.002584535375363163 0.01327542323108473
-0.02535150145108736 0.03434780112233404 0.04991619078800735 -0.04811636017325072 -0.02523137458057386 -0.008651521849070823 -0.04853018450095609 0.04150192599718103 -0.02923249342438627 -0.01080642091872072 0.008141961711291879 -0.01409780815357366 -0.02156606674704618 -0.03420211578957881 -0.03607420570765626 0.001356749471897741 -0.04442556639079345 -0.0009594394116862227 0.00424405263630705 -0.03548564898719867 -0.05191757711543498 0.02545729345931129 0.002349495527062517 0.02259419304157576 -0.03836580894534072 0.0154097735361101 0.00915542244625684 0.01860109516045805 -0.07449871282530653 1.078444618723722 0.05472716268164907 -0.01648364492707918 -0.03875036917943647 -0.004393204980943337 -0.01256422897896583 0.00114890016695884 -0.004516201981697607 -0.009011986679584631 0.008792273636198285 -0.03106319482986813 0.04097989007714091 0.03140095392359681 -0.01068240922292337 0.04162095958007254 -0.03399732741420029 0.04587105933779599 -0.03919821204917065 0.03879331758266998 -0.02003360018279352 -0.0009092859749971092 -0.005124069893435911 0.02167309750553248 -0.02785280441814608 -0.01012842531643822 0.005228121640514108 -0.006956697804848482 -0.01601666261751314 -0.007944976515433796 0.0009667998172497539 -0.01553556407972665 0.03556905276940458 0.01458785729213782 -0.02601658806425445 -0.02344589810964797
