1.0807805039003968 -0.0040957232895163 0.0009404661103413 0.0938836232440800 0.0019168989712652 -0.0726198091493057 0.0326300361512907 -0.0047213776902123 -0.0401987965024969 -0.0353423727551185 0.0400476152823067 -0.0324044164699190 0.0541604140964712 0.0505417389541593 0.0158617441984497 -0.0242260899130131 0.0647400226364100 -0.0583364321108856 -0.0490947047989913 -0.0257372866498693 -0.0001458454922491 -0.0072791915722070 0.0117400932506693 0.0156905440166916 0.0420164899774054 0.0524180232335610 -0.0374054625567150 -0.0257878535004615 -0.0092147247621232 0.0293053635031746 -0.0021198370790525 0.0099667779836780 0.0311259369474326 0.0252535047646198 0.0168221322789221 0.0093029868396348 0.0092613235874830 -0.0199347662546734 -0.0005587354317046 -0.0382843472792072 0.0272860119529938 -0.0709559251050112 -0.0312833437307692 0.0318388360006281 0.0030957527664478 -0.0223415753154029 -0.0513684593647157 -0.0120696995884167 0.0049611715929831 0.0210619441740404 0.0604275036179493 -0.0046392938395468 0.0848094170049602 0.0061215975074476 0.0425656795814929 0.0221642705679645 0.0152516078352451 -0.0636484434450960 0.0178834296545394 -0.0115107020216143 0.0483234442907804 0.0074132784042301 -0.0342206530391031 -0.0513936066958769
-0.0040957232895163 1.0349440754789359 -0.0121184894525022 0.0318459222650418 0.0600499190318846 -0.0633976899420949 -0.0165425401238097 0.0430101052740425 0.0442040769892343 0.0172198456239024 0.0246812779526778 0.0110222230866849 -0.0396982199300086 0.0084813259172640 -0.0047973392788634 -0.0059379212750141 -0.0272500009421096 0.0023524894849831 -0.0194954529008430 0.0221950940817365 0.0345067800992693 0.0058849083553649 -0.0129474969175716 -0.0288461569702552 -0.0643190147252618 -0.0456024868322339 0.0016128863990147 0.0137699439591209 -0.0177985247466203 -0.0315385726014912 0.0346187516753201 -0.0364843598301738 0.0127556013120511 0.0168502892468035 -0.0207972982710261 0.0340638208377235 0.0215793825895470 0.0502192810391630 0.0346433652517842 -0.0110142094369224 0.0451652772529360 0.0245565369014951 -0.0014632217117698 0.0105425909936782 0.0402797379382652 -0.0291921743531927 -0.0007583960732142 0.0263581294962554 0.0290881582280401 -0.0151561399643634 -0.0103071092205129 -0.0087299925790213 0.0084328210524873 0.0116507014776965 -0.0257665106221030 0.0049859061808182 0.0719346734041112 -0.0078127075805901 -0.0004209930638922 -0.0208367513937350 -0.0282267053437340 -0.0324292195222086 0.0198064520271569 -0.0036708761292596
0.0009404661103413 -0.0121184894525022 1.2053954131781011 -0.0181044029204991 0.0374532934259696 0.0183947660359670 0.0281520293992006 0.0258039490507346 -0.0174903684624296 0.0274701277255017 -0.0066693940442146 -0.0147342502592957 0.0263549524503059 0.0285581745604163 -0.0056391903411717 0.0087767112824525 0.0370201577758835 -0.0069705874604866 0.0328455002806070 -0.0682648044858755 0.0847145713041758 0.0075851337853675 -0.0129888325987376 -0.0064063119353338 -0.0157852439072830 0.0384824287422973 0.0000527197245920 -0.0330068824965248 0.0062800037880744 -0.0467408370157456 -0.0261454251937718 0.0103009632020475 0.0216106885784842 -0.0033480924314444 -0.0335815895432184 -0.0185550775986596 0.0019064774885930 0.0113093725929553 -0.0221121844412389 -0.0253778352768421 -0.0222594160764903 -0.0567555387756286 0.0385469907218750 0.0150009585931547 -0.0470009026315774 -0.0417776379320115 -0.0232337969621867 0.0276654235189686 0.0003037844861599 0.0285301123142907 -0.0376703672590098 0.0473728753757536 0.0199624858922476 -0.0144908535102605 0.0221418199261174 -0.0160631026703620 -0.0492210221982155 -0.0443844445013683 0.0436959912890708 -0.0183935019715162 0.0078866873834587 -0.0047080660556265 -0.0527665366452813 0.0033267405397202
0.0938836232440800 0.0318459222650418 -0.0181044029204991 1.0709981146826479 0.0036888431787169 -0.0079923597609028 -0.0671666313657505 0.0452084659354799 0.0167226458156601 -0.0412465481403238 0.0116013975645080 0.0207463628323158 0.0030596478354382 0.0477287377172949 0.0080828130014903 0.0353456106574671 0.0698660559439365 -0.0380730842014248 0.0102344159539152 0.0120296789106938 -0.0193655555173441 -0.0124989782712299 -0.0302331496658774 0.0134784606804072 0.0167719289451098 0.0313115241271410 -0.0414543261504737 -0.0332696402443199 -0.0132017000199879 0.0379415196099793 0.0209241911090964 -0.0047950527332428 -0.0269244469326977 0.0115432294906530 0.0035132103172005 0.0131282266023691 -0.0127555981755046 0.0298444338050618 0.0075479863645092 -0.0263796914754996 0.0312076125052549 0.0063402705035002 -0.0288902649381263 0.0078029625948034 0.0172522973967867 0.0395731732406444 0.0049736546450604 0.0272708756692065 -0.0283292905321128 0.0341359062303912 0.0037113679659525 -0.0139054324258946 0.0345945460343216 -0.0073888101006703 -0.0103255453599988 0.0009739952106704 -0.0299588845115253 -0.0344577917234230 -0.0290744879648349 0.0511898808075281 -0.0317590318360776 -0.0236894441220630 0.0060291952287954 0.0076851267609594
0.0019168989712652 0.0600499190318846 0.0374532934259696 0.0036888431787169 1.0747531050924466 -0.0282706637844710 0.0139029690800103 0.0564711026379228 0.0079981500825399 0.0118288363072847 -0.0167725665351091 0.0270338573165998 0.0632105125353439 0.0075260604132285 -0.0173971279453903 0.0499422933200988 0.0146060766932888 0.0021114580716542 0.0367015824297853 0.0257280474625424 -0.0013419130922098 0.0499756855148437 -0.0063322192829126 -0.0342049152511784 -0.0015050647039093 -0.0430746942022590 -0.0131867468216836 -0.0459831127983662 0.0112630951033009 0.0182759908568504 0.0046205373099093 -0.0152809419301664 -0.0119279506708265 0.0413967894602637 -0.0371844123777728 -0.0056178780862599 0.0376479322969712 -0.0233207564957896 -0.0212832811981575 -0.0378251952284444 -0.0169775724501126 -0.0521661606642508 -0.0208621636528279 0.0258422187574265 0.0497578174921675 0.0457113681998766 -0.0096340718240410 0.0410588357145413 0.0129602489192503 -0.0091376364230700 -0.0164414100261873 0.0143832025590896 -0.0262814410576280 0.0080604969032637 0.0105020785768232 0.0328258747627694 0.0649051234002924 0.0475071354418792 0.0851021593230296 0.0062654655000309 0.0296660508406146 0.0829427278540725 0.0582468196986557 0.0009056402248166
-0.0726198091493057 -0.0633976899420949 0.0183947660359670 -0.0079923597609028 -0.0282706637844710 1.0443343229524080 -0.0027882182363809 -0.0215233231146363 -0.1024001332531898 0.0530667502259750 -0.0393696804818987 0.0285156196069608 0.0414783603996903 -0.0161419010137928 -0.0259835982275274 0.0231006731913915 -0.0352470447673631 0.0217771292794266 0.0403432676672470 -0.0366018430360280 0.0431796446341561 -0.0664388607942853 -0.0113063263615097 0.0645538626078446 0.0277529224415475 -0.0097476320279458 -0.0240229415033591 0.0441292571877181 0.0069904762310995 0.0138886957004793 -0.0033004986127125 -0.0831914603223227 0.0605937066312355 -0.0300260094960221 0.0077390482558949 -0.0350183357012424 0.0070041283017750 0.0176988462761528 -0.0047116087190168 0.0277698731690326 -0.0504390655373931 0.0108198917453714 -0.0208954035810447 -0.0074579219917935 0.0466760527681339 0.0596066242176590 -0.0339426098564792 -0.0055254803736827 -0.0156745872621422 0.0236767757861690 -0.0709979553813492 -0.0148926699340000 0.0435283442772856 0.0133477964090743 0.0558963076242401 0.0340108629014605 -0.0249273956853050 0.0085398568555356 -0.0028494409325472 0.0292179349851672 -0.0181878297285236 -0.0649682652284808 0.0113793639870858 0.0015518556174657
0.0326300361512907 -0.0165425401238097 0.0281520293992006 -0.0671666313657505 0.0139029690800103 -0.0027882182363809 1.0898885959305724 0.0433638414035278 -0.0139335518900805 -0.0640631097309244 0.0105168138109810 -0.0061941777080095 0.0045958209664844 -0.0113446773168578 -0.0135903154954589 -0.0000086825043394 -0.0226133770229701 0.0175774933124522 0.0130772513601957 -0.0228422942838793 -0.0007580883221916 0.0473251844213546 -0.0165172675476514 -0.0588741831174599 -0.0267339308341813 0.0154629761734950 0.0310335305046119 -0.0325703272811591 -0.0245996486149220 0.0352983527940133 -0.0221365339871952 -0.0134199848063186 0.0444962170208687 0.0224128914272100 -0.0221404901240170 -0.0050110770555604 0.0455372171949989 0.0561383899443716 0.0442932258849648 -0.0042488389464861 0.0150279093692371 -0.0232817014724200 0.0168741313383553 0.0230108347272355 -0.0356252681105471 0.0063963796053721 0.0069973460522180 -0.0236642302526088 0.0098643201073230 0.0082976788724508 0.0142485323577401 0.0164048927804293 -0.0275774326767625 -0.0076885006644641 0.0304383152052403 0.0326774972718220 0.0526475764742219 0.0307255099926356 0.0553681263625252 -0.0040487602281470 -0.0399866350750473 0.0148157208272329 -0.0262402100045721 -0.0258008682707659
-0.0047213776902123 0.0430101052740425 0.0258039490507346 0.0452084659354800 0.0564711026379228 -0.0215233231146363 0.0433638414035278 1.0787672769793488 -0.0024813531075409 -0.0357874087566412 -0.0338878789322610 -0.0019477576042896 0.0294257621100198 -0.0255717334025340 -0.0313245763704507 0.0070938249205090 -0.0218746638032773 -0.0060895150069613 0.0620833818559996 -0.0057874011220571 0.0736304841698013 -0.0203219318287046 -0.0194039528461656 -0.0158481297974250 0.0064746459546319 -0.0121850056117011 0.0628993866600539 -0.0070378904833292 -0.0038822508636833 -0.0394302640297828 0.0139615573458188 -0.0411118635522879 -0.0328857858284322 0.0404672628310492 -0.0225406158960761 0.0554509207191038 0.0386757998731805 0.0426095349948345 -0.0416347686430987 -0.0114367068851187 -0.0046144913388789 0.0293616264924807 -0.0043998148489073 0.0112938148777634 -0.0115832033401514 0.0330414373005405 0.0167180990995058 0.0370198118356554 -0.0156165305103048 0.0138315255217438 0.0112688111403361 -0.0230448366145800 -0.0032031648486438 0.0208954364274709 -0.0548634550256590 -0.0005974185414336 -0.0206875661260119 -0.0054060061352690 0.0390988977712837 -0.0177714580624537 0.0002153208199132 0.0426070105964852 -0.0011986033404470 -0.0235991211372723
-0.0401987965024969 0.0442040769892343 -0.0174903684624296 0.0167226458156601 0.0079981500825399 -0.1024001332531898 -0.0139335518900805 -0.0024813531075409 1.0734986185103843 0.0143454506065596 -0.0112759662595842 -0.0096021164201406 0.0227469419273841 -0.0128182560966652 0.0053831278124993 0.0300946133730494 0.0696001436880773 -0.0449391130956256 -0.0295909049902542 -0.0059023045580668 -0.0455547778395103 -0.0033577383485317 0.0132040865239298 0.0179970980742341 -0.0008484847793992 -0.0050040614975221 0.0193395461669536 -0.0031679621903091 -0.0205046235240035 0.0285184659862054 -0.0039041231359953 0.0602904938788685 -0.0939924728389310 -0.0098005390695254 -0.0309316749328961 -0.0308881663251655 0.0514095923393418 -0.0110171312811529 0.0356073655906900 0.0209315303971771 0.0501920292421221 -0.0424763003569919 -0.0026752962639805 -0.0961111685073502 0.0321758249179802 -0.0420317348677698 0.0191154126114063 0.0183397239236001 -0.0285100352431628 0.0404794647872833 -0.0148521652339748 -0.0041491157447687 -0.0240376909102645 -0.0059727027470207 -0.0129510328700294 0.0150287016272198 0.0160377404210993 -0.0387911696068350 0.0196748936577664 0.0041834384240364 -0.0141559934551352 -0.0373644818504967 -0.0430212737042350 0.0366912779772087
-0.0353423727551185 0.0172198456239024 0.0274701277255017 -0.0412465481403238 0.0118288363072847 0.0530667502259750 -0.0640631097309244 -0.0357874087566412 0.0143454506065596 1.1498888892460943 0.0264849946223116 0.0035857976839204 0.0888612842802598 0.0257235923560425 0.0128252254382167 0.0486033218237118 -0.0345083523794589 0.0077786363493262 -0.0294553751036486 -0.0228772429580065 -0.0487046999698917 0.0109684982963769 -0.0054766194770636 0.0033200116156448 -0.0121910302643020 0.0167342247491450 0.0041209051431603 0.0291863340749993 -0.0061155698698304 -0.0019256362149183 -0.0171716323782593 -0.0385801308135141 -0.0000885367914618 -0.0440210218393530 -0.0127777957789291 -0.0321931303201050 -0.0072911510151098 -0.0239330285867072 -0.0196911937068517 -0.0312266023794540 0.0279857406123854 0.0169542501969237 0.0175233650048287 -0.0259095591433246 -0.0071726105433713 -0.0292303485463115 -0.0333008290141258 -0.0695962487800854 0.0330250728801680 -0.0296523924451966 -0.0401814772644550 -0.0339784719501268 0.0261454164798634 -0.0423171520841176 0.0042717287247346 0.0265343110790087 -0.0247612194318259 -0.0143933310335392 0.0422752056275880 -0.0170814435536471 0.0571961719745130 0.0351193313903417 -0.0049422547117755 0.0252877295956830
0.0400476152823067 0.0246812779526778 -0.0066693940442146 0.0116013975645080 -0.0167725665351091 -0.0393696804818987 0.0105168138109810 -0.0338878789322610 -0.0112759662595842 0.0264849946223116 1.0041239775672286 -0.0125748554997487 -0.0056000722563869 0.0662510890541615 0.0484591393069039 0.0107319034998834 0.0032441585005714 -0.0044474935689433 -0.0403740096373655 0.0453086674405941 -0.0834355139563955 -0.0037360457754338 0.0045139987937358 -0.0296538984038815 -0.0245178192789912 -0.0235299821118112 0.0467077079775514 -0.0272265878873739 0.0243115607051701 -0.0001181828739925 -0.0152236849169941 0.0170880922671652 0.0151769810245136 -0.0157020743336754 0.0159264579425352 0.0155280749018001 0.0082763551527350 0.0408170762733217 -0.0243344236086386 0.0464477994251349 -0.0246687979517561 0.0519478875468961 0.0236747067825414 0.0138563720815891 0.0030471530484059 0.0081941802762082 0.0284987288368509 0.0540993627751816 -0.0336650295787707 -0.0071663313015370 0.0003589756511471 -0.0387788394589642 0.0158841082256712 -0.0004872944497384 0.0172766472303499 -0.0324691752834879 0.0135543584439000 -0.0010192480248306 0.0628571895953073 -0.0029168110127145 0.0351948251262788 0.0093836280478214 -0.0336324876161293 0.0335542245632165
-0.0324044164699190 0.0110222230866850 -0.0147342502592957 0.0207463628323158 0.0270338573165998 0.0285156196069608 -0.0061941777080095 -0.0019477576042896 -0.0096021164201406 0.0035857976839204 -0.0125748554997487 1.0697677649867317 0.0515229612295834 0.0016330803901642 0.0022723822365105 -0.0391961224225132 -0.0381105849308314 -0.0006664786407886 0.0178416860008286 -0.0157933602251603 0.0007098984658150 -0.0021205565254976 -0.0095237332925574 -0.0081763939209500 0.0417127102011543 0.0207145395938991 0.0327930197761880 -0.0086937445562404 -0.0103225809495613 0.0135662633999465 0.0010543261168741 0.0137973075102667 -0.0242465995978684 -0.0113227031704654 0.0090365433092316 -0.0491430075281485 -0.0167921417267105 -0.0202753295009440 -0.0441539167518454 0.0248720544242869 -0.0067284442461885 -0.0052190672275025 0.0498005281318815 0.0151600477203111 -0.0183662324675910 0.0066231215321474 -0.0488548764257276 0.0235081013858938 0.0241872168357226 -0.0147172058649146 0.0366549254563013 -0.0302486006346674 0.0456259514132297 -0.0095567751185116 -0.0099038372094508 0.0513084073784155 -0.0407503187257965 0.0342701158063408 0.0196486619308686 -0.0084204968545391 -0.0142908493685211 -0.0123799366842417 -0.0328171863528122 -0.0473003778528885
0.0541604140964712 -0.0396982199300086 0.0263549524503059 0.0030596478354382 0.0632105125353439 0.0414783603996903 0.0045958209664844 0.0294257621100198 0.0227469419273841 0.0888612842802598 -0.0056000722563869 0.0515229612295834 1.0470286240484248 -0.0061255689484355 -0.0136220438667266 0.0401206927724681 -0.0269009312754953 -0.0467358272131143 0.0542506303042822 -0.0137435418263513 -0.0287375228204220 -0.0165824331594990 0.0206282371040774 0.0323767738899811 -0.0128802141380322 -0.0086846197549848 -0.0152439973416646 -0.0296232322026525 0.0026458476961308 0.0164481114073049 -0.0191267845986990 0.0275762202842693 0.0248981658963443 -0.0210697807961459 -0.0353225749224179 -0.0685526422191611 0.0013831694374412 0.0162771321397927 -0.0301178950290698 -0.0337804233923578 0.0406372098085846 -0.0336356845504041 0.0128186906365071 -0.0001428661699525 0.0086406536718640 0.0559538337607231 -0.0249354441208090 0.0173661938207599 0.0025260352692830 -0.0456946551813252 -0.0047411133530891 -0.0229519473978600 0.0425692799150071 -0.0012075414938085 0.0372799382704638 0.0353507243154798 -0.0278141779251290 -0.0258143929960115 0.0401070412458521 0.0135975457487717 0.0111887257751209 0.0121593049383145 -0.0026106571763405 0.0316092991214604
0.0505417389541593 0.0084813259172640 0.0285581745604163 0.0477287377172949 0.0075260604132285 -0.0161419010137928 -0.0113446773168578 -0.0255717334025340 -0.0128182560966652 0.0257235923560425 0.0662510890541615 0.0016330803901642 -0.0061255689484355 1.0838291069418613 -0.0282830858410919 -0.0298527175449997 -0.0415686383956459 -0.0624154838440101 -0.0070164985817431 -0.0093972758655283 -0.0079968995373531 0.0006330641431466 -0.0135228471559039 0.0149909386185382 0.0133777289303068 0.0366739542842678 -0.0120393733379087 -0.0121866170713468 -0.0363993496525089 0.0358273333919444 -0.0743838023250273 -0.0301026125826612 0.0198547569342593 0.0422230423872806 -0.0006166920368217 0.0433393943034486 -0.0415046796676710 -0.0212046513786568 0.0084364597150260 0.0270378490038467 -0.0137193255650429 -0.0473968060503419 -0.0424506567890649 -0.0182976804036004 0.0095023389235649 -0.0098415780002644 0.0336180785856278 0.0222829874433503 0.0161770049009092 0.0398434437379540 -0.0095000588977198 -0.0115543432655295 0.0220743949394025 -0.0587436755217877 -0.0201456128073699 -0.0262193767021728 -0.0184696454124788 -0.0240926737724795 0.0352048593663955 0.0177362438104466 -0.0125441454976023 -0.0361471056107540 0.0014786756450928 0.0541954955085599
0.0158617441984497 -0.0047973392788634 -0.0056391903411717 0.0080828130014903 -0.0173971279453902 -0.0259835982275274 -0.0135903154954589 -0.0313245763704507 0.0053831278124993 0.0128252254382167 0.0484591393069039 0.0022723822365105 -0.0136220438667266 -0.0282830858410919 1.1235800997372907 0.0180991873538073 -0.0109481475843632 0.0082157043250153 -0.0473033725157821 -0.0468700466064027 0.0109464928103117 0.0155531386342928 0.0339344630208889 -0.0220755169164525 0.0283509644627569 -0.0038059774275313 -0.0142106116988439 0.0460183206883228 0.0107471564725325 0.0339681932037920 -0.0107437728950671 0.0153821886554817 0.0383141977810899 0.0117078724969391 -0.0200315351742955 0.0380505908247969 -0.0681546931079618 0.0728511134229135 -0.0669982218929071 0.0343534952468821 0.0093164134129003 -0.0170382079678074 -0.0378745874207588 0.0179325201170410 0.0033113886525966 -0.0024114870197049 -0.0487448939078926 0.0185744316468046 -0.0174949816514953 0.0158800882424883 0.0299893454607660 -0.0049978626227105 0.0022058640216879 0.0308232863774282 -0.0044471959243964 0.0392011488324211 0.0190067874424277 0.0449469749809333 0.0167194382755950 -0.0336142951671003 0.0170322906858309 -0.0292382989181111 -0.0377836684952193 0.0336570559693120
-0.0242260899130131 -0.0059379212750141 0.0087767112824525 0.0353456106574671 0.0499422933200988 0.0231006731913915 -0.0000086825043394 0.0070938249205090 0.0300946133730494 0.0486033218237118 0.0107319034998834 -0.0391961224225132 0.0401206927724681 -0.0298527175449997 0.0180991873538073 1.2069664547353767 0.0129112834581403 0.0624592227005276 0.0077649158269507 0.0393503492524794 -0.0171196109176865 0.0821676230969038 -0.0374327660604743 0.0183283809906506 0.0081466480445711 -0.0274774287412852 0.0499346466161653 -0.0469917772407411 0.0364249008520043 0.0010083099193407 0.0043600914781520 0.0762322651172230 -0.0382086432792643 0.0516548637997108 0.0348622512230192 0.0528884510246978 0.0638837921716925 0.0273603689638646 0.0571876730485193 -0.1563062403219754 0.0128667136267055 -0.0417531897828990 -0.0107340818107246 -0.0044425315095462 0.0620199631133128 0.0431927939599596 -0.0028901121621930 -0.0247262416358433 -0.0503174483408737 0.0113684534529091 0.0218913008465401 -0.0226333832158817 -0.0189713996746489 -0.0497912747315551 -0.0309999646758914 -0.0226180565089700 -0.0373614623454042 0.0359629483235692 0.0101346663229554 -0.0245794169986521 0.0008795985716132 0.0010581792664114 -0.0155664143272809 0.0342917905329357
0.0647400226364100 -0.0272500009421096 0.0370201577758835 0.0698660559439365 0.0146060766932888 -0.0352470447673631 -0.0226133770229701 -0.0218746638032773 0.0696001436880772 -0.0345083523794589 0.0032441585005714 -0.0381105849308314 -0.0269009312754953 -0.0415686383956459 -0.0109481475843632 0.0129112834581403 1.1139719525429914 0.0088564810777861 0.0151142312972544 0.0061674932300802 0.0074423377377802 -0.0043449286847519 -0.0303580746583600 -0.0207445739519373 0.0198202910513529 -0.0245967048022796 0.0291619998777563 -0.0600340546327505 -0.0223593158131582 0.0486069051661530 0.0050195467422067 0.0588864021203460 0.0060242113282000 -0.0041543190286264 -0.0473998116840010 0.0204916086513357 0.0254306340192610 -0.0194826847480600 -0.0063795327577000 -0.0003459752535680 -0.0051089635098014 -0.0344441900430923 -0.0364497763246375 -0.0072137807929779 0.0449032053683585 -0.0600231577450798 -0.0242916912160774 0.0251475181609045 0.0074091601158220 -0.0068726379323564 0.0280631979075601 0.0063473010395365 -0.0182922460199724 0.0287485516937270 0.0015652657206165 -0.0153648861962006 0.0073795532537664 -0.0202958879275324 -0.0549501326913356 0.0214984843871061 0.0442388847736635 -0.0374961469949652 0.0164034048458779 -0.0470109197298042
-0.0583364321108856 0.0023524894849831 -0.0069705874604866 -0.0380730842014248 0.0021114580716542 0.0217771292794266 0.0175774933124522 -0.0060895150069613 -0.0449391130956256 0.0077786363493262 -0.0044474935689433 -0.0006664786407886 -0.0467358272131143 -0.0624154838440101 0.0082157043250153 0.0624592227005276 0.0088564810777861 1.0146892254460387 -0.0216371145748379 0.0322119991940564 -0.0084220349216479 -0.0001451106247552 0.0014609329616558 -0.0125164986036502 -0.0286673144726818 -0.0190901836727172 -0.0338599432558527 -0.0550493236155750 -0.0096060231456537 -0.0107833452424432 0.0274554544247783 -0.0146946998012300 -0.0622461725602848 0.0165674501525648 0.0425922076229185 -0.0187338823395795 0.0422736793605305 0.0316346627993222 -0.0075092307052467 0.0048386975331554 -0.0478830556508309 -0.0092898651125610 -0.0028772468942033 0.0268046006079767 0.0087555661511965 0.0675869000224829 0.0027478334668508 0.0046710744846444 -0.0001604403593561 0.0117625027578032 0.0627613615993157 0.0197372145299372 -0.0139612647838224 0.0052857359052107 -0.0607626271862728 0.0086868445557547 -0.0286119833949422 -0.0002361201902482 -0.0155749517430758 -0.0332295267012121 0.0443244614012320 0.0105797628907795 0.0099907788043062 -0.0137807563597715
-0.0490947047989913 -0.0194954529008430 0.0328455002806070 0.0102344159539152 0.0367015824297853 0.0403432676672470 0.0130772513601957 0.0620833818559996 -0.0295909049902542 -0.0294553751036486 -0.0403740096373655 0.0178416860008286 0.0542506303042822 -0.0070164985817431 -0.0473033725157821 0.0077649158269507 0.0151142312972544 -0.0216371145748379 0.9878406807840346 0.0197822840423123 0.0013270325321780 -0.0113738747451013 0.0331869002699598 0.0396813746029753 -0.0473434088833083 -0.0391071241293384 0.0205888485149636 0.0038436314837904 -0.0693536903492344 -0.0136722464808832 0.0102452828185029 -0.0084094721759606 -0.0000839232847759 0.0348052356078788 0.0284984459241097 -0.0126699929530889 -0.0172884421621563 0.0179428540247253 0.0257134605427375 0.0046895379183267 0.0583731907402888 -0.0221577788076328 0.0470319827277624 -0.0329428813641292 0.0029963793556419 0.0462346033587197 0.0476194920104303 0.0254962336783432 -0.0094785153712115 -0.0250653938202527 0.0228659173087307 0.0344653864055746 0.0042641228404114 -0.0006734862992277 -0.0330740934881806 -0.0105312299254829 -0.0464141732259086 0.0036034113875538 -0.0407849349216240 0.0249394592851828 -0.0306057314683511 -0.0152949139854599 0.0347204617181257 0.0020230990400085
-0.0257372866498693 0.0221950940817365 -0.0682648044858755 0.0120296789106938 0.0257280474625424 -0.0366018430360280 -0.0228422942838792 -0.0057874011220570 -0.0059023045580668 -0.0228772429580065 0.0453086674405941 -0.0157933602251603 -0.0137435418263513 -0.0093972758655283 -0.0468700466064027 0.0393503492524794 0.0061674932300802 0.0322119991940564 0.0197822840423123 1.1494887656240793 -0.0403877489815894 0.0277134142768101 -0.0558337324982916 0.0501589182244931 0.0087424971804315 -0.0058359573818722 0.0328502346330588 -0.0528062271082216 0.0415701258370950 0.0237165338429122 0.0099199133471033 -0.0563284146142424 -0.0344708281210073 -0.0147239123372629 -0.0338772901602328 0.0154029810351430 0.0302979223572327 -0.0015893435062046 -0.0207850117721346 -0.0507746452899008 0.0461344911987556 -0.0201383192672637 -0.0278362885850393 0.0300816520116154 0.0014363247297115 0.0213511778750095 0.0107841389799459 0.0306395405351679 0.0120114252510921 0.0170688273714460 -0.0241906704297598 -0.0368009129585438 0.0444962044037138 -0.0183689145476507 -0.0204422762004167 -0.0174866735433935 0.0528435787086561 0.0743218919589627 -0.0311602311219957 -0.0016541370311309 0.0197002260858227 0.0336964666369656 -0.0217114913854437 -0.0111184287167580
-0.0001458454922491 0.0345067800992693 0.0847145713041758 -0.0193655555173441 -0.0013419130922098 0.0431796446341561 -0.0007580883221916 0.0736304841698013 -0.0455547778395103 -0.0487046999698917 -0.0834355139563955 0.0007098984658150 -0.0287375228204220 -0.0079968995373531 0.0109464928103117 -0.0171196109176865 0.0074423377377802 -0.0084220349216479 0.0013270325321780 -0.0403877489815894 1.1462496886739419 -0.0114387424981356 0.0365251846980091 -0.0181006540676810 0.0287065988201907 0.0030761335590307 -0.0000817782648969 0.0230775023357980 -0.0370510397608392 0.0323643444178860 -0.0010324559412709 -0.0169868938320386 0.0165257221307926 -0.0078026887346045 -0.0268555780444895 0.0469712129989152 -0.0034128319138159 -0.0080945727208152 -0.0255791999289504 -0.0119017975255424 0.0408612173383489 0.0165155839906783 -0.0209228430361592 -0.0069741924841412 -0.0516089505374398 -0.0555998098015274 -0.0724830796852747 0.0336481975094417 0.0864393075214130 -0.0338500577603539 0.0388885245298674 -0.0252220470017425 -0.0590114003176856 0.0190220724058241 -0.0203737938740885 0.0120147145457045 -0.0087110629697748 0.0155132018587555 0.0034928569769603 0.0200986936438471 0.0089277707737226 0.0038124775785250 0.0567727631060457 -0.0098192278584520
-0.0072791915722070 0.0058849083553649 0.0075851337853675 -0.0124989782712299 0.0499756855148437 -0.0664388607942853 0.0473251844213546 -0.0203219318287046 -0.0033577383485317 0.0109684982963769 -0.0037360457754338 -0.0021205565254976 -0.0165824331594990 0.0006330641431466 0.0155531386342928 0.0821676230969038 -0.0043449286847519 -0.0001451106247552 -0.0113738747451013 0.0277134142768101 -0.0114387424981356 1.0625400754422980 0.0168058456438110 -0.0050810116498864 -0.0046488163249109 0.0074760426146049 0.0109217270468354 -0.0180619012460143 -0.0119452600022082 -0.0256131054249598 0.0073829542697600 0.0480772515166503 -0.0227172509375809 -0.0112603668351366 -0.0324711371413872 0.0228991973046876 0.0196763264813962 0.0008880606871363 -0.0259994976567030 -0.1065948119435314 -0.0034919192091905 -0.0274065596582517 -0.0003769393163402 0.0211202331985666 0.0015592410607346 -0.0214221090964492 0.0142596987893852 0.0374870388114854 0.0010164070210810 -0.0085601947574029 0.0138072216615447 0.0565012182863583 -0.0185260912155342 -0.0274938392178217 -0.0007030130367444 0.0277743283154303 0.0117941803946249 0.0522756597449327 0.0751244748538102 -0.0233182942405964 -0.0463554476146730 0.0035350920096270 -0.0269562911610659 0.0412366358028146
0.0117400932506693 -0.0129474969175716 -0.0129888325987376 -0.0302331496658774 -0.0063322192829126 -0.0113063263615097 -0.0165172675476514 -0.0194039528461656 0.0132040865239298 -0.0054766194770636 0.0045139987937358 -0.0095237332925574 0.0206282371040774 -0.0135228471559039 0.0339344630208889 -0.0374327660604743 -0.0303580746583600 0.0014609329616558 0.0331869002699598 -0.0558337324982916 0.0365251846980091 0.0168058456438110 1.0264666267655942 -0.0229140447244720 -0.0035899484890197 0.0202633060027917 -0.0101979976030539 0.0191229695843393 -0.0068443099605941 0.0019876299059504 -0.0187922810649277 0.0066683336102283 0.0188600847753546 -0.0003069554903107 0.0105256512953526 0.0348095774760272 -0.0379480022058925 0.0091626573003679 -0.0443689654648716 0.0259834556539736 -0.0162354987573929 -0.0217616660716933 0.0557408892520170 -0.0041970268129188 -0.0146992998323314 -0.0106038275067570 -0.0202547027128108 -0.0387245645594931 -0.0060736894724880 0.0287381012415924 0.0080334055968758 0.0156610832876424 -0.0174857752294178 -0.0015530296771897 0.0032883618322164 0.0120017790994000 -0.0383614855148185 -0.0351020898128386 -0.0305017290301818 -0.0071985479543287 0.0333034388656845 -0.0092425895207998 0.0272093061897247 0.0350424885696302
0.0156905440166916 -0.0288461569702552 -0.0064063119353338 0.0134784606804072 -0.0342049152511784 0.0645538626078446 -0.0588741831174599 -0.0158481297974250 0.0179970980742341 0.0033200116156448 -0.0296538984038815 -0.0081763939209499 0.0323767738899811 0.0149909386185382 -0.0220755169164525 0.0183283809906506 -0.0207445739519373 -0.0125164986036502 0.0396813746029753 0.0501589182244931 -0.0181006540676810 -0.0050810116498864 -0.0229140447244720 1.1159053412413078 0.0020562161481973 0.0123892814455192 -0.0571480001886365 0.0083756565870460 -0.0146205504406756 -0.0229064140095656 -0.0378203920118713 -0.0801281966474459 0.0097527233085720 -0.0125845513196124 -0.0074450772497894 -0.0176246164281763 -0.0013441133012309 0.0214741969523091 0.0433847572951862 -0.0382103888815327 -0.0167978113243932 -0.0105554696625643 0.0155442673985612 0.0056735744768401 -0.0230126846489937 0.0069773653484519 -0.0589310297412744 -0.0320062532215690 -0.0400249190180605 0.0630030296883876 0.0011965832378264 0.0429620218046429 0.0323042765438006 0.0324172777410785 -0.0134567810718412 -0.0618960788032003 -0.0672780484335397 0.0025052148681014 0.0040716426344673 0.0074788616124514 -0.0048116318504169 -0.0685762824810225 0.0007362825669181 0.0114395406263410
0.0420164899774054 -0.0643190147252618 -0.0157852439072830 0.0167719289451098 -0.0015050647039093 0.0277529224415475 -0.0267339308341813 0.0064746459546319 -0.0008484847793992 -0.0121910302643020 -0.0245178192789912 0.0417127102011543 -0.0128802141380322 0.0133777289303068 0.0283509644627569 0.0081466480445711 0.0198202910513529 -0.0286673144726818 -0.0473434088833083 0.0087424971804315 0.0287065988201907 -0.0046488163249108 -0.0035899484890198 0.0020562161481973 0.9705054924983453 -0.0259624756446645 0.0366730933372817 -0.0338657984003398 -0.0231204753651517 0.0300783800292476 -0.0176908177395170 0.0011723499472572 -0.0199705474974888 0.0101649854543904 -0.0388605667490850 -0.0238320403791043 0.0071304685641040 -0.0668499161810151 -0.0186518554791227 -0.0577665035529426 -0.0118314913088208 -0.0145095710254575 -0.0406752385811495 -0.0193776387098982 -0.0476074603312431 -0.0374879070206086 -0.0758419692665732 0.0120715087990295 -0.0040655816375609 0.0327226374691567 0.0103724935986346 0.0176888322025917 0.0722666142390079 -0.0290040089510577 0.0011205889739394 0.0268908119586258 0.0177710520168249 0.0047905795792256 0.0358214724756725 -0.0479245208390884 0.0476952166019155 0.0259090420327263 -0.0074100234501309 0.0217583274993862
0.0524180232335610 -0.0456024868322339 0.0384824287422973 0.0313115241271410 -0.0430746942022590 -0.0097476320279458 0.0154629761734950 -0.0121850056117011 -0.0050040614975221 0.0167342247491450 -0.0235299821118112 0.0207145395938991 -0.0086846197549848 0.0366739542842678 -0.0038059774275313 -0.0274774287412852 -0.0245967048022796 -0.0190901836727172 -0.0391071241293384 -0.0058359573818722 0.0030761335590307 0.0074760426146049 0.0202633060027917 0.0123892814455192 -0.0259624756446645 0.9744700407163974 -0.0036018579772680 0.0252203656439798 -0.0056495765281597 -0.0103870982366489 -0.0067881716860362 -0.0270481512104448 0.0033868575196291 -0.0126582651290410 0.0304188746862841 -0.0153789889738384 0.0167323590521563 0.0150001299034064 0.0156625538704649 -0.0031894307145188 -0.0018633082504982 0.0136742469171124 0.0128522040951895 0.0004999888009199 0.0171808918603365 -0.0117108252439259 -0.0184394686856285 -0.0275690392715617 -0.0398921604408928 -0.0237232415199814 0.0137402524964886 -0.0432213737334224 0.0656436984902070 -0.0551908337479177 0.0198878594971578 -0.0230097569784914 -0.0131802049081685 -0.0554815054921452 -0.0327007108525226 -0.0274862864207631 -0.0023245732476975 -0.0201803825165702 -0.0431718706693424 0.0102165827097069
-0.0374054625567150 0.0016128863990147 0.0000527197245920 -0.0414543261504737 -0.0131867468216836 -0.0240229415033591 0.0310335305046119 0.0628993866600539 0.0193395461669536 0.0041209051431603 0.0467077079775514 0.0327930197761880 -0.0152439973416646 -0.0120393733379087 -0.0142106116988439 0.0499346466161653 0.0291619998777563 -0.0338599432558527 0.0205888485149636 0.0328502346330588 -0.0000817782648969 0.0109217270468354 -0.0101979976030539 -0.0571480001886365 0.0366730933372817 -0.0036018579772680 1.0303395399410777 0.0089196838926698 -0.0307221910327220 -0.0125355085596387 -0.0203517664603198 0.0585792211153086 -0.0320648381032143 0.0099422494069950 -0.0294332961386024 -0.0209030047818957 -0.0455251163361663 0.0098070146806869 -0.0062842960172115 -0.0040738929937272 0.0296736986945762 0.0186104478632024 -0.0040230284624443 0.0367470132361511 -0.0108542222983353 0.0023224559770354 0.0302315692973014 0.0171407920380056 -0.0201989400728596 0.0106072471642316 0.0058405769746922 -0.0134865923717917 0.0300202003308766 0.0201823138945987 -0.0560031512741170 -0.0267164831516727 -0.0070485668667217 0.0054273046731845 0.0637443178371857 -0.0033104813727990 -0.0334694656009249 0.0064337791820071 0.0011809979508070 -0.0102131853101061
-0.0257878535004615 0.0137699439591209 -0.0330068824965248 -0.0332696402443199 -0.0459831127983662 0.0441292571877181 -0.0325703272811591 -0.0070378904833292 -0.0031679621903091 0.0291863340749993 -0.0272265878873739 -0.0086937445562404 -0.0296232322026525 -0.0121866170713467 0.0460183206883228 -0.0469917772407411 -0.0600340546327505 -0.0550493236155750 0.0038436314837904 -0.0528062271082216 0.0230775023357980 -0.0180619012460143 0.0191229695843393 0.0083756565870460 -0.0338657984003398 0.0252203656439798 0.0089196838926698 1.0067410853077920 -0.0633217456785105 -0.0318914267168773 0.0142307874502133 -0.0725853767369575 0.0155233399004232 -0.0398432760547402 0.0109984286073237 0.0167614219863196 -0.0166185986568977 -0.0116853147252182 -0.0159293871841313 0.0040322389944710 0.0361190624921384 0.0285239940013102 -0.0807944945753280 0.0071287064979103 0.0315981456399305 -0.0112628341036740 0.0482889908851609 -0.0116767484597525 -0.0128636652946465 0.0286640766784396 -0.0301246045007570 0.0226285483649335 0.0195299515413509 -0.0346161151011112 0.0140012663705853 0.0136910141415142 -0.0023526436981085 -0.0013351094839069 0.0011977830327023 0.0247530978999826 -0.0177652970253081 0.0076680055430671 -0.0413387085504182 -0.0163767358284681
-0.0092147247621232 -0.0177985247466203 0.0062800037880744 -0.0132017000199879 0.0112630951033009 0.0069904762310995 -0.0245996486149220 -0.0038822508636833 -0.0205046235240034 -0.0061155698698304 0.0243115607051701 -0.0103225809495613 0.0026458476961308 -0.0363993496525088 0.0107471564725325 0.0364249008520043 -0.0223593158131582 -0.0096060231456537 -0.0693536903492344 0.0415701258370950 -0.0370510397608392 -0.0119452600022082 -0.0068443099605941 -0.0146205504406756 -0.0231204753651517 -0.0056495765281597 -0.0307221910327220 -0.0633217456785105 1.0728394570310995 0.0584783630032330 0.0021831286961903 -0.0388566346226655 -0.0251714114294740 -0.0408012047238064 -0.0172285457402422 0.0051655790458712 0.0365115309694140 0.0425433130758196 -0.0289893219407522 0.0004976878661588 -0.0003197234514849 -0.0080546505096520 0.0363021277708726 0.0581644806351421 -0.0133623037460653 0.0236538764259428 0.0050903279630796 -0.0254672559651697 -0.0228384390989110 -0.0564207647219788 -0.0369509506734787 0.0291985020273415 -0.0234676075531844 0.0159497156912964 -0.0131041738866459 0.0384085855432641 0.0401572409356561 -0.0163804312654813 -0.0357225089078927 -0.0000220391557030 -0.0042202753900448 0.0243141158055190 -0.0070222449379043 -0.0020682682787685
0.0293053635031746 -0.0315385726014912 -0.0467408370157456 0.0379415196099793 0.0182759908568504 0.0138886957004793 0.0352983527940133 -0.0394302640297828 0.0285184659862054 -0.0019256362149183 -0.0001181828739925 0.0135662633999465 0.0164481114073049 0.0358273333919444 0.0339681932037920 0.0010083099193407 0.0486069051661530 -0.0107833452424432 -0.0136722464808832 0.0237165338429122 0.0323643444178860 -0.0256131054249598 0.0019876299059504 -0.0229064140095656 0.0300783800292476 -0.0103870982366489 -0.0125355085596387 -0.0318914267168773 0.0584783630032330 0.9730470072167390 -0.0577009774667042 0.0123264589213983 0.0337792445491224 0.0126010644611264 0.0031773990093574 0.0055071790972719 -0.0039223611363482 0.0061550965733804 -0.0141710677451270 0.0175143037157922 -0.0263135591139416 -0.0331495549422937 0.0029138414746443 -0.0385480446616639 0.0287261028195747 -0.0374719758215977 0.0314737740245374 -0.0319439883534240 0.0252621478504325 -0.0055848366450910 0.0008203682796201 -0.0304403036132964 0.0272827220571640 0.0084528587861200 -0.0109341780847414 0.0192309072797766 0.0248592057256210 0.0144841096283016 -0.0087206039610635 0.0131453404545072 -0.0253691107710914 -0.0197032173092788 0.0283306071699091 0.0224488793120060
-0.0021198370790525 0.0346187516753201 -0.0261454251937718 0.0209241911090964 0.0046205373099093 -0.0033004986127125 -0.0221365339871952 0.0139615573458188 -0.0039041231359953 -0.0171716323782593 -0.0152236849169941 0.0010543261168741 -0.0191267845986990 -0.0743838023250273 -0.0107437728950671 0.0043600914781520 0.0050195467422067 0.0274554544247783 0.0102452828185029 0.0099199133471033 -0.0010324559412709 0.0073829542697600 -0.0187922810649277 -0.0378203920118713 -0.0176908177395170 -0.0067881716860362 -0.0203517664603198 0.0142307874502133 0.0021831286961903 -0.0577009774667042 1.0428568158931846 0.0040615137622097 -0.0672433198922598 -0.0346895622583501 0.0571618542447946 -0.0065953033071657 -0.0101193335664617 -0.0197622701118377 0.0167148514465647 0.0554367410685711 0.0586957919446662 0.0301977588142295 -0.0221167857036752 -0.0193335172707255 -0.0003716541055146 0.0234364196404730 -0.0119259279430877 -0.0058586072339730 0.0471649002973079 0.0199311787518572 0.0091829355584758 0.0045851889706237 -0.0152721034825004 0.0102120238224292 0.0614843984113224 0.0116931265131444 0.0299010516828334 -0.0702591264052588 -0.0022723998341966 -0.0286710963653210 -0.0077216224505167 0.0240670798644507 -0.0121699602062849 -0.0733964985366561
0.0099667779836780 -0.0364843598301738 0.0103009632020475 -0.0047950527332428 -0.0152809419301664 -0.0831914603223227 -0.0134199848063186 -0.0411118635522879 0.0602904938788685 -0.0385801308135141 0.0170880922671652 0.0137973075102667 0.0275762202842693 -0.0301026125826612 0.0153821886554817 0.0762322651172230 0.0588864021203460 -0.0146946998012300 -0.0084094721759606 -0.0563284146142424 -0.0169868938320386 0.0480772515166504 0.0066683336102283 -0.0801281966474459 0.0011723499472572 -0.0270481512104448 0.0585792211153086 -0.0725853767369575 -0.0388566346226655 0.0123264589213983 0.0040615137622097 1.0514718509324179 -0.0164796260827620 0.0167511796606174 -0.0203912859217657 -0.0243126014427341 -0.0026056276257496 -0.0412375537857590 0.0183368952180653 -0.0236706773410818 -0.0360175360358213 0.0392457428440265 0.0156024749134215 -0.0059050672516615 0.0016562510120013 -0.0080856648717347 0.0199869926797705 0.0282006578598458 -0.0001011122315250 -0.0120708018051167 -0.0031920774504005 -0.0113337396770486 -0.0083639391866802 0.0028376453153787 0.0235021834438157 -0.0024853075489431 -0.0016872901348170 0.0009203921778675 -0.0201648584806151 -0.0043373608635105 -0.0241713245372318 -0.0341893191121899 0.0015085711778285 0.0078988443284392
